pi_Time1	pi_Time2	pi_Time3	pi_Present	pi_Anadyr	pi_Cook	pi_Bristol
0.2428421	0.3061968	0.3299328	0.3200012	0.3689685	0.2679117	0.3201591
0.3300789	0.3425615	0.3069955	0.3470185	0.302431	0.2743742	0.3185493
0.2987723	0.3235323	0.3419727	0.3438987	0.3215153	0.3039861	0.3452619
0.3303602	0.3331903	0.3224197	0.3162845	0.3218102	0.3074582	0.3316745
0.3572285	0.3414717	0.3623696	0.34309	0.3281777	0.2927994	0.3362752
0.3748585	0.3407811	0.30599	0.3926676	0.2998104	0.3057849	0.2804244
0.3097258	0.3778074	0.3418416	0.3418025	0.3365834	0.3384193	0.3268211
0.3415621	0.319751	0.3303387	0.2980986	0.3034642	0.3235396	0.322352
0.320188	0.3436527	0.3302908	0.326003	0.3496454	0.301323	0.3427109
0.3532169	0.3464416	0.3513932	0.3566835	0.3379175	0.3323148	0.3199736
0.3344271	0.2908056	0.3081489	0.332713	0.3361258	0.3249965	0.324418
0.2969147	0.3543993	0.3386362	0.3519617	0.334546	0.3497327	0.3007004
0.3327414	0.3252325	0.2877031	0.3239175	0.3230862	0.3163184	0.3160741
0.3484388	0.3508037	0.3360952	0.3542335	0.3246755	0.2970483	0.318775
0.3039216	0.3468967	0.3229549	0.3401515	0.3358438	0.2816728	0.3243697
0.378531	0.325079	0.3196224	0.3320121	0.3109205	0.2857509	0.3016144
0.3210919	0.3367427	0.3823836	0.3127826	0.3378969	0.3226065	0.3241723
0.2521186	0.3365028	0.3256276	0.3366316	0.3023438	0.3101276	0.3066394
0.3331343	0.3054132	0.3508478	0.3533088	0.3298129	0.3257415	0.3234614
0.299604	0.3348001	0.3274188	0.3368333	0.3440932	0.3006591	0.3208268
0.3045603	0.3324622	0.3304219	0.3442969	0.3287112	0.2718162	0.3072989
0.3956585	0.3531103	0.3216148	0.3314503	0.3403951	0.3108921	0.3423767
0.3093113	0.3322751	0.3242955	0.3699833	0.3279718	0.3263514	0.3178644
0.3149937	0.3579486	0.3272163	0.3119016	0.3265603	0.2984591	0.303933
0.2845719	0.2844547	0.3434711	0.3314544	0.3589832	0.272248	0.3018959
0.3410595	0.3153334	0.3110008	0.3439666	0.3260115	0.3660135	0.3165398
0.3552362	0.3139903	0.3272099	0.3228484	0.2785647	0.3125694	0.2877229
0.3024847	0.3369911	0.2797539	0.3454151	0.2841941	0.3214559	0.2812023
0.3670041	0.3409375	0.3467353	0.3462897	0.3234595	0.3503417	0.3468255
0.3302008	0.3466664	0.3689893	0.348834	0.32802	0.3126956	0.3353591
0.3127876	0.3160974	0.308654	0.3479139	0.3249496	0.2801428	0.3367487
0.3545031	0.3498714	0.3523338	0.344809	0.3068809	0.2607412	0.3424508
0.3248242	0.3131553	0.3217906	0.3290242	0.3176959	0.2116333	0.2919103
0.3343171	0.3031814	0.3505294	0.3034394	0.3268107	0.2662719	0.3089439
0.3194702	0.3344458	0.3419907	0.3109794	0.3061888	0.2870654	0.3350431
0.2817216	0.3273078	0.3123379	0.284699	0.2926856	0.285825	0.3083158
0.3037687	0.31305	0.3257217	0.3050017	0.2948549	0.336494	0.3349384
0.3215534	0.332683	0.2961349	0.3290557	0.2843379	0.2730746	0.284686
0.372648	0.3494209	0.3575099	0.3470704	0.3454156	0.3410731	0.3391401
0.3168219	0.3327997	0.3553535	0.3373991	0.3122151	0.2821595	0.3473895
0.3757156	0.3339969	0.3391578	0.3301389	0.3626336	0.2740527	0.3487145
0.2907271	0.3122034	0.3063712	0.3364695	0.3112513	0.2796738	0.3265498
0.3111934	0.3078794	0.3031313	0.344067	0.3351297	0.3057728	0.3330638
0.3236355	0.2967697	0.2709909	0.3343162	0.3308109	0.2636129	0.3488019
0.3031014	0.3419449	0.3079819	0.3577859	0.3126459	0.321869	0.3193387
0.3549617	0.30103	0.3300738	0.3032479	0.2946018	0.2861846	0.302262
0.3876629	0.3610428	0.3229125	0.3597922	0.3354473	0.2951277	0.3365591
0.3056656	0.3415686	0.3400851	0.3550558	0.3426853	0.3060757	0.307669
0.2577985	0.3026295	0.2916735	0.3106241	0.3277888	0.2899038	0.2957684
0.3613879	0.3469871	0.3425315	0.3202568	0.3283175	0.3245189	0.3261125
0.3968318	0.3226215	0.3543103	0.3275461	0.3595844	0.4073587	0.3143649
0.3659679	0.3316075	0.3644219	0.322531	0.308696	0.3364385	0.2996277
0.3135971	0.3228609	0.3162902	0.3548795	0.3103177	0.3103501	0.3566021
0.2732988	0.3387087	0.327359	0.3044933	0.3125187	0.3269662	0.3378105
0.3419938	0.3142957	0.3654053	0.3425029	0.323447	0.3633831	0.333324
0.3727865	0.3663213	0.3594098	0.3302232	0.3478999	0.2992009	0.3562191
0.2759997	0.3262409	0.3543242	0.3215095	0.3118938	0.3228973	0.3549744
0.3266332	0.3388079	0.3010987	0.407661	0.3135629	0.3374899	0.3373367
0.3108961	0.3594283	0.3529839	0.3580988	0.3325703	0.2747864	0.3150538
0.280123	0.2983887	0.3638018	0.3086411	0.3407037	0.3227666	0.2289296
0.3695506	0.3080003	0.3451917	0.3389524	0.3753512	0.2820374	0.3461047
0.256396	0.2892943	0.3004568	0.3577517	0.3420684	0.2887301	0.3498752
0.3645665	0.3258012	0.3284013	0.2858711	0.3372943	0.3076545	0.3072581
0.2989563	0.2901133	0.3217564	0.3133411	0.2968664	0.2552664	0.3118752
0.2738308	0.3296949	0.3501439	0.336391	0.3569291	0.3008974	0.3488171
0.3119214	0.3160756	0.3776889	0.3203162	0.3353769	0.3092407	0.3195707
0.3419314	0.3079695	0.3506056	0.3473287	0.3403603	0.3380618	0.3447676
0.3496948	0.3302174	0.3059586	0.34157	0.3600647	0.3174604	0.3393967
0.2950171	0.3402611	0.3493585	0.3062807	0.3055228	0.2593991	0.3581253
0.2932807	0.3252256	0.3030015	0.3453744	0.3219856	0.2888419	0.331372
0.3008029	0.3279381	0.3033601	0.3358637	0.3285041	0.2995964	0.2695942
0.3215411	0.3111214	0.3349317	0.3422323	0.3240289	0.318735	0.289735
0.2584357	0.3238078	0.3311968	0.3403244	0.3328393	0.3036365	0.3412788
0.2992919	0.3470747	0.3237485	0.3586004	0.3090936	0.317964	0.3068506
0.3322524	0.3325757	0.3697608	0.3677267	0.3411814	0.3136355	0.3335823
0.3391131	0.3556304	0.3157076	0.3191124	0.3594144	0.3330127	0.3297928
0.3053384	0.3759648	0.3259567	0.326036	0.3488388	0.3054666	0.3284821
0.3033117	0.3591693	0.3385404	0.3335666	0.3399443	0.3116033	0.3248001
0.3607674	0.3548651	0.3316089	0.3415537	0.3462062	0.3174062	0.3375584
0.321791	0.335109	0.3246971	0.3326972	0.326596	0.3558301	0.3449779
0.2932088	0.3316963	0.3417758	0.3521935	0.3511938	0.3531843	0.3248976
0.3125415	0.3292238	0.3190273	0.3418713	0.3512946	0.3061899	0.3388663
0.3298631	0.3201723	0.3500578	0.3144697	0.3452406	0.2823092	0.3240967
0.3409597	0.3184188	0.3153494	0.3347622	0.3178232	0.2901981	0.3352947
0.321741	0.3175699	0.3369813	0.3255147	0.316626	0.2549627	0.3221512
0.3013583	0.3347693	0.3214706	0.3194405	0.2888518	0.2887214	0.3053663
0.3399185	0.3348836	0.3515032	0.3100373	0.2937602	0.2776988	0.3275875
0.2796516	0.3316831	0.3267453	0.3267903	0.2919502	0.3251676	0.3018551
0.2983566	0.3306696	0.3059755	0.3264667	0.3209197	0.3463118	0.3438802
0.2944623	0.3410477	0.3112119	0.3526979	0.3130016	0.304201	0.3292898
0.3443823	0.3301171	0.3342714	0.2815895	0.3559772	0.3208928	0.3174934
0.370509	0.3292224	0.3430074	0.3367636	0.3215125	0.3082576	0.3369123
0.3602009	0.3308468	0.3461509	0.3634566	0.3547441	0.3362257	0.3421086
0.3386994	0.3575653	0.3572606	0.375366	0.3429179	0.3368762	0.3711642
0.3312513	0.3303412	0.3322172	0.3459679	0.2940017	0.3252791	0.3006372
0.3262959	0.3501149	0.3572938	0.3357853	0.3237666	0.2411481	0.2990098
0.372284	0.3394918	0.3031939	0.2903514	0.3190971	0.3006023	0.2957636
0.3710439	0.3726131	0.373406	0.3470928	0.328008	0.3038027	0.3022345
0.2921672	0.2972329	0.297013	0.2961802	0.295652	0.3044238	0.3263437
0.3156091	0.3780379	0.3549481	0.3649136	0.3217897	0.291164	0.3292652
0.336458	0.3120095	0.3437106	0.3331763	0.3438084	0.334496	0.306539
0.3454257	0.3499245	0.3656205	0.303328	0.3214669	0.2874229	0.3427719
0.3185714	0.3395672	0.3302942	0.3442746	0.3167653	0.2060929	0.3145249
0.343519	0.342875	0.3371988	0.3255902	0.3396999	0.3067335	0.3501439
0.3187959	0.3333613	0.3389345	0.32101	0.3374547	0.3042028	0.3534848
0.3175162	0.3234061	0.3029456	0.3349231	0.3184243	0.2996984	0.3367028
0.3605325	0.3291598	0.319669	0.3212786	0.3139541	0.3136827	0.3440123
0.346202	0.3279167	0.3051087	0.3359163	0.3106788	0.3090719	0.3399876
0.3098751	0.3511344	0.3451426	0.3546787	0.3150681	0.26548	0.3283191
0.3654228	0.3554823	0.3358389	0.3247012	0.3464383	0.288587	0.323593
0.346602	0.3331404	0.3607102	0.3321726	0.3405045	0.3065699	0.2819245
0.3116901	0.3758974	0.3470527	0.3895178	0.3436626	0.3517302	0.3426272
0.401937	0.3323401	0.3574837	0.3475071	0.3047857	0.3306365	0.3747691
0.2870552	0.3304165	0.3274764	0.3421922	0.3370785	0.302382	0.3349154
0.2894115	0.3574869	0.3261154	0.3422138	0.350701	0.324043	0.3456286
0.3580981	0.3112771	0.3396992	0.3157939	0.3105788	0.3371495	0.3086673
0.3413411	0.3156043	0.3224122	0.2858398	0.3240064	0.2775435	0.3139435
0.3578543	0.3229126	0.347401	0.3106086	0.2771862	0.2547872	0.3507839
0.3355557	0.3294362	0.3243733	0.3590707	0.3390452	0.3375116	0.3127299
0.3325465	0.3205892	0.3311172	0.3214771	0.2850746	0.3032161	0.3347599
0.3244638	0.3465933	0.3318085	0.3162847	0.3309156	0.297169	0.3466233
0.357024	0.39804	0.3650263	0.3625262	0.3615349	0.3505777	0.3670556
0.3294528	0.3321663	0.3299527	0.3032157	0.3041242	0.28558	0.2951855
0.403627	0.3428005	0.3628357	0.3634614	0.345221	0.3542721	0.351004
0.3122844	0.3170967	0.3004275	0.3038641	0.3478339	0.2682353	0.3020689
0.3491174	0.3687028	0.354467	0.3329993	0.3198876	0.3098578	0.3402092
0.344175	0.3566307	0.3604122	0.3226103	0.3152592	0.3176245	0.3269161
0.394263	0.3429353	0.3152811	0.3754818	0.325936	0.3136531	0.3481311
0.3298191	0.3574267	0.3338526	0.3168943	0.3584327	0.2606641	0.3562196
0.2985061	0.3065403	0.3459649	0.3569017	0.323975	0.3471635	0.3670918
0.3452575	0.2757491	0.3386585	0.3288218	0.3025592	0.3167907	0.3328204
0.3209676	0.3099689	0.3300902	0.3485278	0.3572239	0.3536479	0.3123213
0.3522829	0.325827	0.2918107	0.3147913	0.2870614	0.2836563	0.3398027
0.3736555	0.3273077	0.3386725	0.3362277	0.3439285	0.2815775	0.3163421
0.3166704	0.3480809	0.3459092	0.3118441	0.3217037	0.341666	0.3132948
0.316695	0.385924	0.3511309	0.3122782	0.281707	0.3169479	0.3409433
0.370554	0.332715	0.3435526	0.3410862	0.3293973	0.320139	0.3715621
0.350993	0.3635275	0.351675	0.3422781	0.3248756	0.3203149	0.3239497
0.3462592	0.318704	0.317752	0.309775	0.3038991	0.3308914	0.3139106
0.3101535	0.3243774	0.3466144	0.3593401	0.3696817	0.3223893	0.330152
0.3260563	0.3310509	0.3318937	0.3200459	0.3243585	0.3031656	0.2973568
0.3826025	0.3608553	0.3293542	0.3392175	0.3467706	0.3156525	0.3687822
0.3239352	0.3122348	0.3123064	0.3723463	0.3236754	0.3042473	0.283947
0.38421	0.3149275	0.3338417	0.3399516	0.3212345	0.3090074	0.339378
0.3496094	0.3217945	0.3480965	0.3050951	0.3105785	0.2926073	0.3123291
0.3757459	0.3793818	0.3117364	0.35757	0.3348144	0.3742259	0.3446536
0.4087311	0.3271622	0.3340514	0.3647611	0.3652464	0.3098487	0.3605826
0.3126328	0.3209989	0.3152206	0.3078993	0.3319992	0.2578673	0.3493875
0.3683672	0.3355809	0.3298464	0.3138012	0.3248039	0.2929925	0.3333056
0.3158182	0.3427444	0.3406934	0.325768	0.2954642	0.2896529	0.3299623
0.3576163	0.3210021	0.35248	0.3353364	0.3177929	0.3456709	0.3201955
0.3349853	0.3614501	0.3293024	0.3507223	0.3513152	0.2891349	0.2740091
0.3305271	0.3230371	0.2805505	0.3369096	0.3097332	0.2899643	0.302077
0.298209	0.2979684	0.3221151	0.3308326	0.3316914	0.3566893	0.3211595
0.4028882	0.3236662	0.335102	0.3524098	0.3195708	0.3503111	0.3673779
0.3416832	0.3490313	0.3266624	0.3230834	0.321596	0.327663	0.3173829
0.3531759	0.3465744	0.32207	0.3354163	0.33068	0.2775078	0.3055594
0.3352785	0.2883248	0.3478604	0.343835	0.3215159	0.3056871	0.3287745
0.3113541	0.3551335	0.3631798	0.310615	0.3432132	0.3236423	0.3820458
0.3094866	0.3659701	0.3629388	0.3304688	0.3421043	0.3388471	0.3676222
0.3496539	0.3414403	0.3348614	0.338307	0.3507828	0.2869771	0.3239807
0.3423526	0.3581425	0.3302702	0.3298784	0.3041554	0.2340392	0.3351059
0.2795961	0.3063831	0.3119016	0.2987318	0.307908	0.2834817	0.3366266
0.3834047	0.34024	0.3283019	0.3307908	0.3105815	0.2763192	0.3038037
0.3037083	0.3349618	0.3386151	0.3080326	0.3041905	0.3146726	0.3370796
0.2817197	0.32123	0.3335995	0.3658198	0.3545128	0.3120664	0.350253
0.3050379	0.3589547	0.3454421	0.316073	0.2962226	0.247294	0.3234704
0.3202568	0.3189402	0.3543551	0.328446	0.3314758	0.2609712	0.3432468
0.365741	0.3384484	0.3375142	0.3551218	0.3229655	0.3077529	0.3392106
0.3502699	0.3649333	0.3595081	0.3357589	0.3525201	0.3118018	0.3483384
0.3791489	0.3593668	0.3351366	0.3529529	0.3105465	0.290079	0.3351767
0.3526968	0.3168943	0.3009534	0.3226406	0.2830237	0.3015878	0.3146581
0.3609108	0.3754186	0.3634247	0.3613961	0.334854	0.3248239	0.3677521
0.3461859	0.3413962	0.3211292	0.32737	0.3453488	0.3426837	0.3286841
0.3480877	0.343422	0.3294991	0.3339667	0.2988674	0.2792126	0.3301849
0.3166722	0.3315266	0.2968692	0.3211623	0.3053369	0.3000949	0.3290252
0.3812282	0.3590288	0.352124	0.3360716	0.3469692	0.2673967	0.3658469
0.3284788	0.3218636	0.3207544	0.3536491	0.2967336	0.2959597	0.3053657
0.3823483	0.3801004	0.3186947	0.3131803	0.3363852	0.3221006	0.3392433
0.3067099	0.3189215	0.3317433	0.3243327	0.3387279	0.307674	0.3187082
0.3321439	0.3486192	0.3314649	0.3313558	0.3084247	0.3239275	0.2693661
0.3385549	0.3469738	0.3522006	0.3311889	0.3266008	0.3309546	0.3319899
0.3546089	0.3154184	0.3579964	0.2921941	0.32076	0.3287279	0.3178617
0.3588115	0.3233543	0.3475985	0.3337582	0.3107329	0.2983268	0.2939029
0.317419	0.3101369	0.355063	0.3300469	0.3086376	0.2492074	0.3279055
0.3589145	0.3468896	0.3100029	0.3403508	0.309857	0.238226	0.30777
0.301956	0.2856755	0.3070893	0.319182	0.3406847	0.3102472	0.3219561
0.3485382	0.3203667	0.3551953	0.2828061	0.3305801	0.270405	0.3497493
0.3320284	0.3625553	0.3478202	0.3603074	0.3478319	0.3308774	0.3690737
0.2979192	0.3386995	0.3507043	0.3059451	0.3094938	0.2940812	0.3410946
0.3255069	0.3361565	0.3594272	0.3445246	0.3484965	0.3093872	0.3524861
0.3592578	0.3158624	0.3421267	0.3332568	0.3321902	0.3240438	0.3328927
0.3468157	0.3309428	0.3380948	0.3365612	0.3263838	0.3077788	0.3254928
0.3280123	0.3522929	0.3697411	0.3493042	0.3380935	0.3229812	0.3488813
0.3184945	0.3610353	0.3568864	0.3416309	0.3479697	0.3265227	0.3499288
0.3441124	0.3109399	0.3489187	0.3303527	0.3517755	0.3034849	0.3322358
0.3364241	0.33015	0.3405753	0.3279215	0.3402071	0.3243391	0.3458162
0.3412691	0.3313001	0.3358563	0.3269405	0.3402299	0.2916432	0.3379678
0.3507418	0.3585082	0.3642097	0.3359227	0.3335157	0.3509192	0.3352631
0.3858379	0.3350586	0.3444289	0.3552246	0.3244469	0.3206847	0.3171012
0.3770457	0.328046	0.3385327	0.3173754	0.3371193	0.3317342	0.378688
0.3493276	0.3278555	0.3496089	0.3217116	0.3459781	0.3102311	0.3057348
0.373951	0.3469245	0.3526608	0.3328161	0.2959955	0.3181813	0.3154406
0.3532823	0.345859	0.3644841	0.3222174	0.3445247	0.3157247	0.3533928
0.3313097	0.3475979	0.3462812	0.3616948	0.3450751	0.3071285	0.3186251
0.3198953	0.3570271	0.3426718	0.3563959	0.3476864	0.3346777	0.3200593
0.3062793	0.2886563	0.3424308	0.3231247	0.27853	0.3560734	0.3099938
0.3053635	0.3245696	0.3198262	0.3531734	0.3487398	0.3119907	0.355277
0.3268802	0.3582184	0.3407719	0.3062603	0.3248482	0.3251697	0.3441969
0.3573489	0.376515	0.3346552	0.3421041	0.3339136	0.338478	0.3344361
0.3474516	0.332088	0.3596437	0.3262952	0.3142431	0.3230486	0.3422625
0.3330761	0.3450592	0.3230844	0.3154613	0.3225885	0.3339666	0.2937869
0.3191608	0.3523514	0.3247164	0.3313079	0.3493711	0.3241619	0.3036766
0.3479009	0.3390367	0.3520886	0.3286583	0.32203	0.3354783	0.3263403
0.3005332	0.350979	0.3195089	0.3218524	0.3085703	0.3313384	0.320664
0.3562648	0.3470207	0.3167664	0.3246047	0.3432285	0.3259867	0.3089927
0.3564001	0.3382239	0.3628374	0.3375178	0.3176071	0.3036595	0.3190935
0.3170121	0.3309288	0.3577085	0.349053	0.3530076	0.3138515	0.3313799
0.3603891	0.3519686	0.3460487	0.3268438	0.3295547	0.3040925	0.337206
0.4233442	0.3333259	0.3161625	0.3256077	0.3355535	0.3199026	0.3251794
0.335963	0.3548793	0.354598	0.353975	0.3264261	0.2698065	0.3475528
0.2962787	0.3177876	0.3179869	0.314654	0.3238112	0.305199	0.3255488
0.3644142	0.3292215	0.3379726	0.3286868	0.3079834	0.3092736	0.3212947
0.3093692	0.3614944	0.3410137	0.3196107	0.3012978	0.3270081	0.345729
0.3710379	0.3433028	0.3444867	0.336644	0.2950307	0.301895	0.309657
0.3260159	0.2958266	0.3067083	0.3078056	0.3464071	0.3143419	0.342613
0.329247	0.377263	0.3434356	0.3778141	0.3399316	0.3279915	0.3428408
0.3622208	0.350193	0.3189991	0.3570835	0.3140165	0.3195347	0.3323171
0.308518	0.3301622	0.3136359	0.3242448	0.3393198	0.2676341	0.3270207
0.2922105	0.3411937	0.3157047	0.306983	0.3163346	0.2630115	0.3512645
0.3619321	0.326946	0.2967606	0.3435412	0.3241005	0.2837234	0.3771635
0.3636414	0.3556121	0.3560446	0.359324	0.3081729	0.3052426	0.3291598
0.3187152	0.3184372	0.3482528	0.3443793	0.3128153	0.2972042	0.3084005
0.2940595	0.3204404	0.3168502	0.3106799	0.3389496	0.3184946	0.3194321
0.3082553	0.3578364	0.3160971	0.3484372	0.3203712	0.3084375	0.320682
0.3717606	0.3675819	0.368138	0.3618884	0.3515671	0.3141058	0.3417226
0.3197898	0.3016005	0.3171087	0.3020533	0.2510549	0.3195552	0.2994883
0.3219261	0.3295511	0.3257664	0.3092242	0.337565	0.2876153	0.3365463
0.3553947	0.3537631	0.3583001	0.3817916	0.355777	0.3106277	0.3451686
0.2971084	0.3479076	0.3468962	0.3290653	0.3224948	0.3404351	0.3128184
0.3311278	0.3059498	0.3450241	0.3127278	0.3051549	0.2748598	0.329319
0.3472221	0.3093023	0.3608194	0.320745	0.3366869	0.3416991	0.3179624
0.3510992	0.3215162	0.2966086	0.3450295	0.3576302	0.3405198	0.3430948
0.363725	0.3624049	0.3551626	0.3460175	0.3726244	0.3518934	0.3540152
0.3448158	0.3529119	0.3485661	0.343515	0.372551	0.3169745	0.332108
0.3934369	0.3232304	0.3439363	0.3050497	0.3430114	0.3211506	0.3042894
0.337638	0.3465713	0.3212782	0.3110327	0.3400052	0.2698163	0.3327102
0.3190772	0.3281865	0.3303815	0.3430984	0.3486877	0.310429	0.3278115
0.2653961	0.3238839	0.3277263	0.3718392	0.3006638	0.319481	0.3556697
0.2916356	0.3555969	0.3746225	0.3564825	0.3885205	0.3391342	0.328471
0.3203268	0.3528628	0.3385944	0.3450309	0.3226671	0.2803599	0.3365413
0.2874319	0.3594972	0.3448683	0.3689665	0.3330423	0.2724086	0.3257108
0.3385729	0.3347949	0.3478205	0.3157387	0.3619951	0.2925502	0.3236237
0.3331252	0.3507903	0.3589775	0.3354875	0.3677347	0.3448725	0.3298992
0.3330463	0.3340125	0.336593	0.3623038	0.3180312	0.2830376	0.3424844
0.3107678	0.3141955	0.3334596	0.3041887	0.3048361	0.3851315	0.3140207
0.2751564	0.3214888	0.3061315	0.316087	0.3140466	0.3028422	0.3145114
0.349804	0.3673795	0.3027913	0.3389903	0.3537218	0.3405848	0.3444267
0.3428604	0.3497143	0.3508768	0.3404511	0.32031	0.33866	0.3624916
0.3740201	0.3091992	0.3276455	0.3379712	0.3177156	0.3295608	0.3275173
0.3310861	0.3225009	0.3138236	0.3341208	0.3491732	0.2893615	0.3180406
0.3500262	0.3596779	0.3017968	0.3173184	0.3284165	0.2949758	0.3291631
0.3845706	0.3678199	0.3094785	0.3217011	0.3509839	0.3078078	0.3063786
0.3591468	0.3499217	0.3431417	0.3278784	0.3418035	0.3361519	0.3441904
0.2857236	0.3378664	0.3497264	0.3392775	0.3063033	0.2951762	0.3382139
0.3455895	0.3335893	0.3384978	0.3181366	0.3267835	0.3001417	0.3205448
0.3156346	0.3167557	0.3209971	0.3324412	0.3127162	0.2394213	0.2912438
0.3602964	0.3364029	0.3464911	0.3183379	0.3308526	0.3088755	0.3714204
0.3062319	0.320259	0.3603044	0.3257797	0.315223	0.3197641	0.3345999
0.3008567	0.3346899	0.3309687	0.3076616	0.3243449	0.3025298	0.321831
0.2723954	0.3155046	0.3206207	0.3164348	0.3434864	0.3249224	0.346192
0.3347189	0.2825747	0.2924734	0.3085607	0.3363654	0.3064448	0.3093049
0.3547112	0.3410309	0.3320019	0.31949	0.3493006	0.3203994	0.3378705
0.348575	0.3267802	0.329036	0.3331699	0.332097	0.3207077	0.3385778
0.3072262	0.3140855	0.3395461	0.3449151	0.3276898	0.3137203	0.3088735
0.3094208	0.3450051	0.3501701	0.3651803	0.3484221	0.3253102	0.3696921
0.3436555	0.3324236	0.3409595	0.3416528	0.3339421	0.3204274	0.3121892
0.2778597	0.3396253	0.2968206	0.326844	0.3084028	0.310689	0.3193521
0.3050202	0.3498035	0.3156755	0.3334608	0.3472251	0.292852	0.3538218
0.3472817	0.3506131	0.3447457	0.3393822	0.3292523	0.3191296	0.3240193
0.2992948	0.3521787	0.3650533	0.3450984	0.3408588	0.320688	0.3453583
0.3474268	0.3340253	0.3362223	0.3450324	0.3521534	0.3316323	0.3702963
0.3043033	0.3352797	0.342179	0.315226	0.3373333	0.3138357	0.33674
0.3057157	0.3269519	0.3364691	0.3471423	0.3469152	0.3415825	0.3248136
0.4240251	0.3265521	0.3548595	0.3025591	0.3325169	0.3373464	0.3398275
0.3522443	0.3698444	0.3521685	0.3347668	0.3658083	0.2907136	0.369867
0.3847919	0.3274712	0.3459091	0.3453407	0.349525	0.3205113	0.3627899
0.3136283	0.2810208	0.3330215	0.3273934	0.317134	0.2987522	0.3227875
0.3541339	0.3167724	0.330458	0.3197604	0.3012394	0.3267423	0.2885081
0.282861	0.3270611	0.2935602	0.3343451	0.3147155	0.3273131	0.3201296
0.365125	0.3639617	0.3409681	0.3674347	0.3569312	0.3250199	0.366317
0.3510414	0.3437415	0.3249449	0.3661169	0.3363388	0.2762864	0.3481708
0.3813692	0.3390617	0.342261	0.3625433	0.3078727	0.304978	0.3349013
0.3333891	0.3437965	0.3379544	0.3444795	0.3402258	0.2908125	0.3610835
0.3455986	0.2999578	0.3106144	0.3423487	0.3090321	0.3261854	0.3278624
0.3516347	0.3541284	0.3622977	0.3870419	0.3599161	0.3464263	0.3252408
0.2827845	0.3486075	0.3119738	0.3513402	0.3424907	0.303626	0.3561093
0.2804723	0.3325377	0.306992	0.3017728	0.2978412	0.2870143	0.2944171
0.3552482	0.3952959	0.3480053	0.3561367	0.3812563	0.3556519	0.3472462
0.3237089	0.3248708	0.3120198	0.320287	0.330189	0.32674	0.3133278
0.2964047	0.3553967	0.3425743	0.3606012	0.3546274	0.3923799	0.3286379
0.3462831	0.3374534	0.3192017	0.3418709	0.3377427	0.3547822	0.3206725
0.313877	0.3235653	0.3164517	0.3498501	0.3176747	0.3050612	0.3497252
0.2627417	0.3154385	0.3438327	0.3347045	0.3274774	0.3026709	0.338855
0.3594289	0.3319098	0.3492292	0.3605871	0.3544197	0.3189754	0.3350545
0.3359165	0.3227942	0.3320896	0.3348677	0.3141897	0.325079	0.314334
0.3335729	0.3563853	0.3594035	0.3690049	0.318911	0.303783	0.348652
0.3319576	0.3202525	0.3373786	0.3253575	0.3295227	0.330919	0.3351412
0.291631	0.2937533	0.3198404	0.3341252	0.3187252	0.2476552	0.3505174
0.3733305	0.3462281	0.36838	0.3396174	0.3300175	0.2872798	0.3165307
0.2773598	0.3473197	0.3131177	0.3264892	0.2923709	0.3183752	0.2809313
0.3581702	0.3298094	0.3300637	0.3309021	0.315119	0.2799422	0.3358081
0.3370011	0.3530273	0.319888	0.3114879	0.3271338	0.3180646	0.3257046
0.3788328	0.3370851	0.3487484	0.3353253	0.3270375	0.3103135	0.3625829
0.3166942	0.3628065	0.369235	0.3166105	0.3080681	0.3387881	0.3313372
0.3283775	0.3429563	0.3209879	0.3470466	0.3274087	0.3115049	0.3327305
0.3282332	0.346358	0.3437577	0.3335988	0.3213509	0.3191005	0.3425951
0.3184865	0.3457751	0.3367973	0.3166076	0.2952193	0.32451	0.3260474
0.3373281	0.3435847	0.3333541	0.3319262	0.3364614	0.2827873	0.3487923
0.2735424	0.3228839	0.33129	0.3234457	0.3236449	0.2869218	0.3184499
0.2921729	0.3710245	0.323765	0.3271118	0.3433232	0.2737159	0.3541596
0.3128752	0.3422525	0.3495897	0.32686	0.3425898	0.3164489	0.331022
0.2876944	0.3456171	0.3180868	0.3151758	0.3118217	0.3253222	0.322102
0.3200323	0.3194079	0.3333308	0.3260797	0.3268571	0.3539571	0.3176321
0.3150872	0.3711516	0.3305571	0.3269679	0.351284	0.2830147	0.3381144
0.3660677	0.3382694	0.3072579	0.299285	0.3134138	0.2985274	0.2931159
0.3660551	0.3195235	0.3199388	0.332371	0.3531902	0.3295384	0.3413024
0.3324735	0.3396177	0.3402621	0.3466896	0.3188788	0.3254693	0.3091124
0.3601574	0.3569836	0.3168554	0.2988219	0.3171166	0.327496	0.3288808
0.3962192	0.3259217	0.3422019	0.3376168	0.3396685	0.2981599	0.3498289
0.3787391	0.3391974	0.3400965	0.3283483	0.3121866	0.2809605	0.3031438
0.3198238	0.3453794	0.3316405	0.3011045	0.3405071	0.3224434	0.3163313
0.3188818	0.3472206	0.3399436	0.330174	0.3188559	0.349998	0.3473486
0.3693865	0.3569674	0.3691044	0.3650655	0.3411489	0.2971064	0.3300898
0.3874727	0.3870346	0.3630534	0.3554937	0.312604	0.3686486	0.3359987
0.2971593	0.3398402	0.321688	0.3302775	0.3335142	0.2760145	0.2915243
0.3000744	0.3430659	0.3515082	0.333034	0.3349986	0.3923388	0.3512656
0.3752759	0.4028082	0.3310732	0.3627455	0.2640277	0.4022807	0.3807397
0.3721058	0.3466993	0.340606	0.3434799	0.3668249	0.2669345	0.3439693
0.333078	0.2995619	0.3279432	0.3591745	0.3297746	0.274288	0.3699884
0.3324254	0.3285469	0.3168695	0.3627697	0.3365369	0.2832968	0.3635885
0.2991768	0.3538452	0.3425196	0.3215314	0.288513	0.2895433	0.3032963
0.3187038	0.3404424	0.3330743	0.3554556	0.3487608	0.3423675	0.3146617
0.3010299	0.3269228	0.3488073	0.3350801	0.330363	0.3308557	0.346011
0.3508108	0.3585031	0.3456494	0.3700146	0.3101458	0.2921545	0.3500272
0.3903398	0.3540527	0.3462454	0.3191218	0.3235411	0.3568995	0.31219
0.3278618	0.3565894	0.3377646	0.3512757	0.3183602	0.3259441	0.331176
0.4138601	0.3879092	0.3316204	0.4142588	0.4049173	0.3070824	0.4225687
0.4072916	0.3989054	0.3222311	0.416856	0.3613553	0.2904992	0.4213722
0.3387608	0.3759117	0.3392829	0.3304708	0.3689398	0.3410943	0.3414634
0.3063147	0.3331658	0.3317015	0.3505595	0.3226405	0.3196504	0.3251882
0.3920928	0.3213814	0.3365355	0.3284306	0.3310816	0.3686685	0.3535822
0.2999857	0.3255807	0.325385	0.328857	0.3025826	0.2957118	0.31995
0.2786973	0.351348	0.3333668	0.2725743	0.3111094	0.2813684	0.2805809
0.3611813	0.3142708	0.3260294	0.3181595	0.3323632	0.2882552	0.3375832
0.3502025	0.3394112	0.3499287	0.3561558	0.345421	0.3219884	0.3555761
0.2955836	0.3469944	0.3512538	0.3251893	0.341063	0.3107929	0.3140399
0.3350543	0.3498768	0.3530772	0.3332856	0.306111	0.3215311	0.3184071
0.3801314	0.327431	0.3217329	0.3075191	0.2990008	0.2532211	0.3209191
0.3214876	0.3459713	0.329886	0.3060788	0.313636	0.2951024	0.337493
0.3424507	0.3422012	0.3450439	0.353959	0.3297688	0.344807	0.3416184
0.3695623	0.3411072	0.3275258	0.3472715	0.3175802	0.3049684	0.3064637
0.3980062	0.3435641	0.3255933	0.3306319	0.3508987	0.2823487	0.3149509
0.3274561	0.3088122	0.2959621	0.278439	0.3420915	0.2796047	0.2944874
0.2862924	0.3231617	0.3215385	0.329568	0.2843073	0.28997	0.3128312
0.3545304	0.3015664	0.3302649	0.3336526	0.31297	0.2978792	0.3077848
0.3523445	0.3341438	0.3313854	0.2890004	0.3070588	0.3249508	0.3142047
0.348681	0.3401537	0.3335411	0.3348248	0.3359032	0.3737448	0.3478074
0.300327	0.328132	0.3494029	0.2960624	0.3419912	0.2794653	0.2964505
0.3116297	0.3176785	0.328532	0.3284059	0.310351	0.2442556	0.2946209
0.3592081	0.3372106	0.3289595	0.3323166	0.3147365	0.3046856	0.316827
0.3485693	0.3520781	0.3654828	0.3618629	0.3755621	0.3694638	0.3211129
0.3196181	0.3728022	0.3615823	0.3432523	0.3287988	0.2891714	0.3309736
0.277307	0.3504956	0.341593	0.3592417	0.3259678	0.2909497	0.3407695
0.3622995	0.3401001	0.3436256	0.3334801	0.3131338	0.3193583	0.3060561
0.3433025	0.3273489	0.3431078	0.3377748	0.3265004	0.3191422	0.3165826
0.3654616	0.3525941	0.3782778	0.35752	0.353849	0.3402521	0.3376578
0.3704756	0.3378188	0.3741611	0.3225469	0.337191	0.3199207	0.2925266
0.2731599	0.3264127	0.3527305	0.323621	0.2953419	0.2883816	0.3380121
0.2891439	0.3293444	0.3370397	0.3402602	0.3201313	0.3226753	0.3251168
0.3012883	0.3482362	0.3045796	0.3510078	0.3570241	0.2684995	0.2959359
0.369435	0.3431094	0.3362219	0.3106358	0.3182931	0.2907274	0.2683405
0.3366395	0.3423987	0.3687542	0.340127	0.3377929	0.3309596	0.2890229
0.3528688	0.3538463	0.3582824	0.3395101	0.3106077	0.3335998	0.3533121
0.323671	0.3088311	0.3284116	0.3624474	0.3337151	0.3178166	0.3503166
0.418472	0.3241468	0.3086959	0.3177773	0.3585173	0.2891899	0.3219035
0.3274247	0.3396666	0.351048	0.3399805	0.3532444	0.3356245	0.3450922
0.3060138	0.343013	0.3310984	0.3695545	0.3620208	0.2711704	0.3466827
0.3139888	0.3249121	0.3339745	0.3504293	0.3387936	0.3191265	0.343038
0.3303551	0.3433746	0.3517945	0.364334	0.3620459	0.3128573	0.3347763
0.3357382	0.3480188	0.3571512	0.3290959	0.2975422	0.2745906	0.2961819
0.3602714	0.3407115	0.3531376	0.337796	0.3323716	0.2963246	0.3425465
0.3339793	0.3451349	0.3365798	0.3497664	0.3217615	0.2961273	0.3407645
0.3139765	0.3343429	0.3389925	0.3404461	0.2937585	0.2596366	0.2890514
0.3167436	0.372632	0.3897556	0.3862089	0.3115113	0.2712362	0.3574458
0.3157101	0.3496153	0.3476034	0.3382465	0.3618199	0.326135	0.3472267
0.2658347	0.3213721	0.2834331	0.3039612	0.33367	0.3337631	0.3363169
0.3645121	0.3242585	0.3798304	0.3485555	0.3745875	0.3520253	0.3682708
0.3795192	0.3285871	0.3292618	0.3614602	0.3397352	0.2871694	0.302044
0.3204675	0.362077	0.3179057	0.336267	0.3309151	0.3064448	0.2989109
0.3276255	0.3247855	0.3174348	0.3382887	0.3237272	0.288206	0.3204628
0.3420011	0.2980632	0.3407763	0.333036	0.3228706	0.3037496	0.3437247
0.3567556	0.3292381	0.3482547	0.3172683	0.3062154	0.3006728	0.3339791
0.3547508	0.3371337	0.3574744	0.3440753	0.3382544	0.3167205	0.3484983
0.391616	0.3392692	0.351098	0.3276308	0.3041398	0.3528225	0.3352569
0.3079417	0.3714432	0.3442022	0.3144205	0.2993802	0.2446302	0.3520206
0.3437328	0.332694	0.373934	0.3638072	0.3153942	0.3454169	0.3266686
0.304252	0.3313681	0.3397341	0.3608557	0.3355278	0.3250488	0.3499858
0.3873201	0.3548975	0.3153753	0.3683788	0.3276855	0.3041642	0.3573269
0.3088354	0.3421491	0.3485329	0.2971611	0.3446442	0.3439992	0.3581558
0.389898	0.3394893	0.3266526	0.3382142	0.327683	0.2644518	0.3424154
0.2740985	0.3471282	0.2916822	0.3107402	0.3416602	0.2976718	0.3309044
0.3314371	0.3235923	0.3352146	0.3488088	0.3301182	0.322183	0.3302099
0.3302763	0.3505787	0.3302112	0.3236466	0.3093177	0.2812071	0.3541458
0.2767011	0.3416464	0.3242807	0.3392651	0.3354077	0.2862631	0.3478778
0.3465325	0.3250322	0.3543489	0.3480633	0.2906049	0.3488347	0.3148276
0.271863	0.3015007	0.3108371	0.3196965	0.3012452	0.268102	0.2590583
0.359845	0.3050748	0.319827	0.3293175	0.3101546	0.301069	0.3081614
0.3461091	0.2944696	0.3179382	0.3304481	0.335282	0.3068805	0.3013349
0.3593849	0.3140964	0.3113102	0.2886849	0.3058042	0.3252869	0.3343291
0.3168556	0.3378466	0.3078963	0.3528312	0.3552807	0.3193562	0.3112714
0.3020988	0.3287155	0.3252543	0.3203046	0.3175163	0.3056684	0.313638
0.3708538	0.359054	0.3505778	0.3562467	0.3371196	0.3013531	0.3615241
0.2966449	0.3200331	0.314072	0.3328878	0.310705	0.2969417	0.2929424
0.3478832	0.3356097	0.3209595	0.3145904	0.3023815	0.2703413	0.2871733
0.3116239	0.3360489	0.3458897	0.2960851	0.3170497	0.3164964	0.3225644
0.4018057	0.3489511	0.3446198	0.3703067	0.3403441	0.2995739	0.311195
0.3373602	0.3163124	0.3166904	0.2903547	0.2994212	0.3409389	0.3186768
0.3537701	0.3394351	0.3186964	0.3241944	0.3150918	0.3109444	0.3461765
0.3541132	0.351991	0.2982577	0.3587485	0.331962	0.3341987	0.3605558
0.3462824	0.3453048	0.3567412	0.3556107	0.340297	0.3109555	0.330774
0.3849633	0.3596451	0.3367616	0.3319321	0.3197972	0.2966547	0.3422909
0.3413579	0.3010176	0.3302753	0.3504111	0.3475143	0.3236284	0.3186403
0.3384703	0.307115	0.34745	0.3125436	0.3499967	0.3228497	0.3701619
0.2739629	0.352098	0.3277692	0.3146339	0.3307788	0.3083651	0.3087865
0.3846441	0.3439539	0.3729513	0.3261817	0.3175075	0.3344875	0.3453759
0.3790851	0.3340069	0.3422078	0.3422701	0.316538	0.3017459	0.307464
0.3512287	0.3285932	0.3306498	0.3428304	0.3342794	0.3042267	0.335721
0.3629644	0.3704857	0.3489693	0.3194632	0.3781239	0.2719038	0.3028416
0.3313359	0.3448507	0.3335935	0.3690917	0.3099953	0.2843766	0.3256879
0.2676958	0.3103632	0.3414379	0.3015786	0.3098658	0.299394	0.3361994
0.2688954	0.3275647	0.3404725	0.3567789	0.3531277	0.3120957	0.3295983
0.387887	0.3381825	0.3384445	0.3627531	0.3451721	0.2423334	0.3199436
0.3209146	0.3288688	0.3612229	0.3425225	0.3516278	0.3342318	0.3472038
0.3187072	0.3245002	0.3398099	0.3387481	0.3296422	0.2581129	0.3215296
0.2990499	0.3549574	0.3665513	0.3340581	0.3177035	0.267333	0.3482417
0.3843935	0.351425	0.3802414	0.3604814	0.3411357	0.3521381	0.3733469
0.3415492	0.3397228	0.3365116	0.3509522	0.3305326	0.2607206	0.3253635
0.3419359	0.3247892	0.3462239	0.3425998	0.3132962	0.3319736	0.3320456
0.2951708	0.3318584	0.327853	0.3711045	0.3486218	0.3078044	0.3500458
0.2913807	0.3039107	0.2983925	0.3426013	0.3258488	0.3056617	0.2919
0.3240069	0.3382359	0.3005608	0.3397264	0.2885145	0.282393	0.3467566
0.3144497	0.3169044	0.3349711	0.2815062	0.3463729	0.3246137	0.2863699
0.3086008	0.3162737	0.3449421	0.3383372	0.3502665	0.2912288	0.3241427
0.3203795	0.3147965	0.3307847	0.3231814	0.2875445	0.2706934	0.2857476
0.2393874	0.3186268	0.286549	0.3121128	0.3217817	0.3032619	0.3274736
0.3516478	0.3213984	0.3446176	0.343821	0.3257333	0.3124077	0.3480649
0.4272617	0.3158119	0.336766	0.393946	0.338774	0.3068181	0.3284436
0.3226197	0.34555	0.3369362	0.3442192	0.3193511	0.3179262	0.3257242
0.3924283	0.3203482	0.3479015	0.347075	0.340493	0.2775386	0.3454814
0.3082163	0.3451179	0.3299014	0.3265116	0.3658389	0.3441339	0.3511925
0.3175511	0.3292448	0.3271619	0.3505763	0.3508672	0.2714324	0.3149023
0.3947396	0.2738364	0.3496046	0.3611709	0.3692127	0.3424335	0.3020032
0.3459792	0.3496791	0.3434813	0.332931	0.3373993	0.293883	0.3420465
0.3464031	0.3226764	0.3584983	0.3077126	0.3113334	0.2959187	0.3571389
0.3472892	0.3244194	0.346846	0.2942054	0.3145266	0.2681904	0.3197554
0.3091592	0.3205819	0.322718	0.3500066	0.3321175	0.2709102	0.2577445
0.345792	0.365239	0.3603707	0.3338762	0.3272972	0.3169045	0.3459811
0.3342214	0.3027436	0.338778	0.3509599	0.3149351	0.280508	0.3520157
0.3185718	0.3134591	0.3303784	0.326434	0.325369	0.3039323	0.3557418
0.3187074	0.3399648	0.3391757	0.3496771	0.3524943	0.3165705	0.3584253
0.3218089	0.3013076	0.3429613	0.2916103	0.3027982	0.3320725	0.2866024
0.3119564	0.3732462	0.3741494	0.3390801	0.3177663	0.3348931	0.3343586
0.3302778	0.3811717	0.3430575	0.3622316	0.3322109	0.3331149	0.3295055
0.29068	0.3227876	0.3333809	0.3268493	0.324058	0.3216632	0.3064824
0.3309386	0.3390179	0.3416674	0.3471186	0.3393221	0.2721889	0.3448531
0.352883	0.3741558	0.3494046	0.332399	0.3183818	0.3042848	0.3605795
0.3632133	0.3287908	0.3419657	0.355114	0.3177683	0.2685679	0.3436461
0.3386861	0.3310906	0.3572552	0.3446365	0.3354921	0.2711165	0.3324742
0.3830673	0.3583392	0.3313194	0.3489103	0.3237602	0.3492511	0.3710001
0.3573674	0.3175795	0.3288744	0.2900195	0.2804438	0.2642537	0.2986876
0.3617916	0.3137798	0.3786213	0.3631808	0.3437283	0.3637399	0.3501977
0.3772213	0.3486753	0.3352865	0.3360535	0.3204621	0.2985931	0.3311005
0.4054457	0.3460843	0.3607417	0.3308303	0.3155342	0.3458865	0.3365139
0.3160701	0.3163139	0.3430774	0.3511037	0.3449725	0.3290235	0.3396065
0.2166726	0.3312049	0.3603247	0.3225235	0.2941374	0.3361655	0.3601385
0.3423612	0.3491879	0.3486222	0.3455849	0.364786	0.3186152	0.3316991
0.3963841	0.3006805	0.3349087	0.3270024	0.3272254	0.3153889	0.3341921
0.3519834	0.3169493	0.3328275	0.3298956	0.3455722	0.280455	0.2895359
0.3673598	0.3282947	0.3284675	0.3261005	0.3142719	0.306221	0.3278643
0.3337934	0.3825588	0.33866	0.3639777	0.3504908	0.3094814	0.3419937
0.3494161	0.3276838	0.3486887	0.321119	0.3248057	0.3019214	0.3292486
0.3303621	0.3272976	0.3311997	0.3162793	0.3270269	0.3300002	0.3305713
0.3327321	0.3492067	0.3446638	0.3313297	0.3507171	0.2933794	0.3299804
0.3103213	0.3052095	0.3269052	0.3306664	0.3184785	0.2612529	0.3255129
0.2972051	0.3699373	0.3331387	0.3411084	0.3382782	0.258108	0.3131163
0.4088173	0.3072586	0.3205903	0.3139149	0.3074517	0.3563568	0.3168589
0.3706505	0.3257477	0.3752417	0.3718199	0.3318219	0.2883861	0.3485967
0.3747217	0.3481552	0.3283333	0.3347879	0.3567617	0.3266468	0.3459296
0.3367333	0.3457131	0.3333826	0.362984	0.349681	0.2653614	0.3365497
0.3136046	0.3379047	0.3651214	0.3180129	0.3276586	0.3051326	0.3275911
0.3142446	0.383903	0.2971098	0.3614959	0.3081729	0.3604438	0.3566678
0.3464805	0.3243018	0.3326083	0.3689909	0.3270555	0.2754839	0.2886529
0.2916652	0.3397129	0.3254265	0.3919893	0.3092949	0.3093529	0.3260754
0.3181079	0.3187056	0.3291367	0.3285274	0.3045192	0.2854807	0.3210084
0.3426006	0.3480626	0.3609553	0.3413439	0.3845402	0.3231564	0.3577264
0.3060931	0.3437175	0.3402874	0.3390943	0.3209212	0.3296092	0.368152
0.3075874	0.3327563	0.3513966	0.350546	0.3556381	0.3312858	0.3444333
0.3489084	0.3259656	0.3596793	0.36412	0.3364895	0.297087	0.3080042
0.2841798	0.3070006	0.3159553	0.3487819	0.291327	0.3336571	0.300876
0.3935569	0.3100002	0.3394503	0.3224209	0.3085257	0.2250945	0.2971277
0.304067	0.325422	0.3054225	0.3388185	0.3084609	0.2641302	0.3264828
0.383705	0.3239663	0.342885	0.324935	0.3412739	0.3033	0.3521115
0.3326333	0.3059344	0.3302736	0.3206516	0.3207685	0.3112527	0.321391
0.3382171	0.3189376	0.3419202	0.311476	0.3387915	0.250501	0.3134075
0.3393943	0.3672218	0.364284	0.3658074	0.332761	0.2979696	0.3606116
0.3620255	0.3544331	0.3248829	0.3193437	0.3396549	0.3459009	0.3196055
0.3480049	0.3448782	0.3410657	0.3836226	0.3406805	0.3374045	0.3558224
0.3368371	0.3367599	0.3059654	0.3065042	0.3148424	0.3214909	0.3115754
0.3666394	0.3672322	0.3567257	0.4156345	0.3591467	0.3349422	0.3832847
0.2934521	0.309881	0.3415192	0.3200828	0.3239213	0.269858	0.3234722
0.3368858	0.3639209	0.3279984	0.3213643	0.3648869	0.2842179	0.3271074
0.3716416	0.3523732	0.3053631	0.3551143	0.3458447	0.3630549	0.3301586
0.4130536	0.3611591	0.371058	0.3623563	0.3294162	0.3686415	0.3785217
0.3445285	0.3329457	0.3231934	0.3190083	0.3212505	0.3293292	0.2892021
0.280736	0.3205448	0.3102445	0.3577322	0.3348173	0.3155248	0.3358305
0.3899561	0.3542277	0.3309019	0.3389187	0.3251089	0.3055533	0.3314923
0.2806903	0.3314111	0.3300022	0.3339128	0.3074531	0.3008217	0.2929126
0.3251738	0.2945642	0.3424357	0.3144923	0.329516	0.3257957	0.3352032
0.3692533	0.3481284	0.318534	0.3205318	0.302855	0.3057838	0.3144527
0.3778464	0.3587411	0.3476509	0.3803225	0.3569266	0.3134192	0.3152287
0.3208451	0.3496038	0.3362518	0.3291613	0.276044	0.2063307	0.3328894
0.3725242	0.3653466	0.3602567	0.3393899	0.2981024	0.2290771	0.2988712
0.3568274	0.3638441	0.3596977	0.3604316	0.2966628	0.3593786	0.3566746
0.2903239	0.3098783	0.3283705	0.3184886	0.321595	0.2558032	0.3164927
0.3027191	0.3004046	0.2968117	0.3180894	0.2744308	0.3351728	0.3082078
0.3155035	0.3093509	0.3308984	0.313444	0.3033094	0.3033277	0.2837385
0.3184902	0.3595676	0.3371779	0.3569799	0.3161647	0.3231516	0.3266048
0.252408	0.3229746	0.3366315	0.3204173	0.3435462	0.2884328	0.3126001
0.298199	0.340089	0.3416647	0.3593945	0.3112898	0.3214669	0.3031781
0.3216375	0.3406751	0.344697	0.3262976	0.317305	0.2998048	0.3306503
0.2968481	0.3262604	0.3153047	0.3367658	0.3166755	0.3047298	0.3275312
0.3486297	0.3587628	0.3189039	0.3313946	0.3369631	0.3184117	0.3366058
0.3656907	0.3465062	0.3369295	0.3649958	0.2788006	0.2924857	0.2838229
0.3383735	0.347954	0.3310197	0.3528832	0.3320935	0.3177484	0.3501946
0.3422258	0.3315468	0.3296956	0.3140692	0.285282	0.2910078	0.3030722
0.3205752	0.3363238	0.3362735	0.3679886	0.321815	0.3186739	0.3339198
0.303168	0.3176253	0.3492556	0.3315022	0.3438203	0.3208178	0.3180063
0.3059245	0.2971872	0.3525048	0.3273591	0.2708592	0.3083871	0.347142
0.3179657	0.3249496	0.323303	0.3204749	0.3179068	0.3059935	0.3223639
0.3228858	0.3143688	0.3097797	0.3276292	0.3346092	0.2967228	0.321871
0.3657987	0.3556981	0.3458685	0.3252135	0.3393411	0.2940238	0.3319081
0.3349296	0.3318473	0.297569	0.3432857	0.2883037	0.3163706	0.3413917
0.317824	0.296405	0.3571557	0.3189754	0.3373742	0.2974487	0.3307413
0.3492408	0.3291096	0.3071525	0.3063159	0.2710168	0.2924269	0.315617
0.3142822	0.3566311	0.3333381	0.3162457	0.3045362	0.3125999	0.3213747
0.3474553	0.34196	0.3329856	0.3560532	0.309639	0.3052408	0.3107744
0.3143486	0.348229	0.361885	0.3381931	0.354368	0.3116881	0.3471627
0.3837576	0.331639	0.3143523	0.346395	0.3342085	0.3339605	0.3351261
0.3248399	0.3309962	0.3375084	0.340844	0.3151482	0.2818046	0.3093644
0.3393	0.3382026	0.3339965	0.3163547	0.3131501	0.2864817	0.3275506
0.3284241	0.32471	0.3439053	0.3166754	0.3124705	0.3261926	0.3106058
0.3181018	0.3350663	0.3201869	0.3002809	0.3341014	0.3045609	0.3599171
0.3181632	0.3073632	0.2990711	0.3200081	0.3211443	0.3214641	0.3101322
0.3498355	0.3262688	0.3009728	0.3256084	0.3458803	0.3198708	0.3628076
0.3483047	0.337024	0.341474	0.3320379	0.3463407	0.3142	0.3264899
0.3138503	0.3525294	0.3003144	0.3197886	0.3452903	0.2914156	0.3394482
0.3774775	0.3062273	0.3572032	0.3648111	0.3647369	0.3449867	0.3116763
0.3067184	0.3220631	0.3275575	0.3566322	0.3336458	0.3094855	0.3016652
0.2947492	0.3139143	0.3516091	0.3086383	0.286962	0.2390467	0.306203
0.3286185	0.3500188	0.3270137	0.341393	0.3363154	0.3009442	0.3478748
0.3588988	0.3457601	0.3289534	0.3861286	0.3546628	0.3326075	0.3424405
0.3166281	0.3661872	0.3527611	0.3436385	0.3759062	0.3767564	0.3378876
0.3549401	0.3664562	0.349499	0.3365524	0.3467419	0.3109948	0.3564335
0.3588828	0.3552364	0.3494888	0.3438097	0.3361759	0.3031636	0.3714318
0.3590706	0.3223383	0.3349947	0.3574692	0.3895912	0.3509819	0.3469274
0.3797856	0.3523015	0.3178992	0.2960308	0.3550349	0.3174842	0.2846883
0.3252466	0.3220406	0.3262076	0.3575274	0.3586797	0.3214555	0.3306604
0.3469959	0.3325887	0.3721027	0.3632604	0.3451406	0.3244367	0.3335919
0.322498	0.3474797	0.3385389	0.3262216	0.3294974	0.3243568	0.3282362
0.2881944	0.3536461	0.3169619	0.3704142	0.2925348	0.2943981	0.3612587
0.3456401	0.3389933	0.3578475	0.3814984	0.3284858	0.3370421	0.3087218
0.3599988	0.3404724	0.3264418	0.339061	0.3123276	0.34912	0.3035008
0.2462462	0.3376025	0.3093014	0.3402066	0.3622278	0.3075772	0.3169104
0.3404684	0.3004932	0.3237785	0.3299638	0.3368648	0.3200303	0.3045133
0.3959265	0.3345753	0.3462145	0.3156285	0.3682628	0.2993302	0.3143914
0.2861552	0.3106181	0.3426775	0.3286471	0.3189066	0.297691	0.3220037
0.3285336	0.3332221	0.3640315	0.3419002	0.3464218	0.3227683	0.3547579
0.2845698	0.3440522	0.3470573	0.341854	0.3395235	0.3217274	0.3503303
0.3744766	0.3307969	0.3584136	0.3646295	0.3469904	0.3370307	0.3292101
0.2814543	0.3437949	0.3403168	0.3094607	0.3413667	0.2947016	0.3424084
0.3308905	0.3209897	0.3246155	0.3302749	0.314899	0.3281045	0.3152406
0.3494497	0.3244933	0.3034148	0.3124651	0.3106959	0.3350382	0.3441773
0.3302461	0.3621798	0.342529	0.3663235	0.315175	0.2851618	0.3496234
0.2926205	0.3472802	0.3187454	0.3545426	0.317306	0.3454451	0.335721
0.3578354	0.3622787	0.3387333	0.3300089	0.3170498	0.3250254	0.3460261
0.2819882	0.3540813	0.3557019	0.3925736	0.3426437	0.3002902	0.3482162
0.2789809	0.2907486	0.2943634	0.3566124	0.3615509	0.3465722	0.3323928
0.3271456	0.3227475	0.3393518	0.3286973	0.3034044	0.3376673	0.3250152
0.3627276	0.3052393	0.3572053	0.3481197	0.3306014	0.3286082	0.3279754
0.2906388	0.3268985	0.3200357	0.3305729	0.2784292	0.2960233	0.3158397
0.3116526	0.318435	0.3050944	0.3457207	0.294305	0.2910798	0.2897421
0.3486968	0.363865	0.3452669	0.3421991	0.3163437	0.2959712	0.3449185
0.3429187	0.3315985	0.3186801	0.3587213	0.3234744	0.3114781	0.2794956
0.3597676	0.317128	0.3464834	0.3327369	0.3072661	0.305824	0.3403513
0.3177388	0.3418544	0.3440313	0.3375291	0.3417899	0.3312109	0.346254
0.342097	0.3262385	0.3216197	0.3315454	0.3200918	0.339373	0.3003599
0.3243858	0.3371126	0.3520962	0.3393917	0.3100224	0.3371966	0.3333959
0.2649415	0.3636025	0.3399531	0.3420878	0.2972166	0.2753625	0.3155058
0.3860708	0.3145556	0.3404103	0.3439598	0.323339	0.2803632	0.3260528
0.3506599	0.3262408	0.3194606	0.303381	0.3458409	0.2960133	0.3130305
0.2751663	0.3173416	0.3096824	0.2945646	0.3319518	0.2940165	0.3253109
0.319998	0.3299014	0.381493	0.3403063	0.3067671	0.3320052	0.2999963
0.3250866	0.3086521	0.3203385	0.3560492	0.322564	0.2983489	0.3379261
0.3592007	0.3506169	0.3279979	0.3105588	0.2963672	0.3206991	0.3273785
0.3316554	0.3384629	0.3392996	0.34732	0.3274871	0.3378545	0.3027402
0.3550412	0.296135	0.3191598	0.3018959	0.3373823	0.2848593	0.3027614
0.3601243	0.3708802	0.3705227	0.3378334	0.3413233	0.3278544	0.3469256
0.3252577	0.3518887	0.3207672	0.3378087	0.3011954	0.3142521	0.2881248
0.3230602	0.3550546	0.3695327	0.3418309	0.3451963	0.3160423	0.3471148
0.3667236	0.3524383	0.3773791	0.3149956	0.3103298	0.3013148	0.2950254
0.3382726	0.3234507	0.3103246	0.3591296	0.2869009	0.3044884	0.3181993
0.3043875	0.3438791	0.2962072	0.3024649	0.311283	0.2773673	0.3306786
0.2948292	0.3323709	0.343179	0.322726	0.3117189	0.3005877	0.3374426
0.3717849	0.3008868	0.3154893	0.3496172	0.3105155	0.3181402	0.3199365
0.3342014	0.3350955	0.3095204	0.3375859	0.3221863	0.3379086	0.3178927
0.3461568	0.3632789	0.3524926	0.334202	0.3333525	0.3175055	0.3499318
0.3824639	0.3944381	0.359981	0.371338	0.3022311	0.329521	0.3360936
0.3026676	0.3362966	0.2998641	0.3161883	0.284249	0.2938885	0.317806
0.3500703	0.3806148	0.3669032	0.3656157	0.3389533	0.3247822	0.3261141
0.3316439	0.3274013	0.3224402	0.3187459	0.3342886	0.3255548	0.3435394
0.340765	0.3338394	0.3372663	0.3399914	0.3477653	0.3321137	0.3601537
0.3750445	0.329931	0.3413971	0.36395	0.3546826	0.284531	0.3026601
0.3030544	0.3146546	0.2774876	0.3067567	0.331362	0.3160181	0.2907349
0.3776741	0.3256938	0.33802	0.2999174	0.3326097	0.325405	0.348948
0.3396431	0.2949277	0.3348605	0.3272053	0.2620741	0.3139992	0.3346187
0.371313	0.3521085	0.337375	0.3416602	0.3274413	0.347316	0.3362495
0.2978664	0.3114166	0.3312503	0.3196758	0.3299168	0.3546956	0.3162945
0.410788	0.3110188	0.3820988	0.3716671	0.3513877	0.2983647	0.3508964
0.2898574	0.3360109	0.3328422	0.3795166	0.2793884	0.2559036	0.3563322
0.3278709	0.3471192	0.3468926	0.3407723	0.3037691	0.2661686	0.3250103
0.3146449	0.342547	0.3451491	0.312413	0.332557	0.356108	0.3438749
0.3080024	0.307167	0.3231469	0.3306585	0.3213418	0.2924362	0.3391246
0.3012003	0.338881	0.384363	0.3554782	0.3804823	0.3543456	0.3323636
0.3298712	0.3725149	0.3331237	0.3249735	0.3252425	0.3466853	0.3529952
0.3483965	0.3485278	0.3468201	0.3458011	0.3043482	0.2852393	0.3321311
0.3787793	0.3710277	0.3498345	0.3393773	0.3502218	0.3181826	0.3616384
0.3517902	0.3250324	0.3296927	0.3415623	0.3046725	0.2809736	0.3046921
0.3168903	0.3225702	0.3251281	0.320516	0.322806	0.3084579	0.3041483
0.3421771	0.2718933	0.3414607	0.3259849	0.3384859	0.3592822	0.3607244
0.3183747	0.349538	0.332251	0.320035	0.3241292	0.3535982	0.3544844
0.3430184	0.3545491	0.3485682	0.3396059	0.3323938	0.3705393	0.3419617
0.2478871	0.3209571	0.3336051	0.3196634	0.321342	0.351044	0.3424908
0.3380939	0.3683068	0.3757149	0.3783715	0.3323474	0.384636	0.3471419
0.3783182	0.3210421	0.3274075	0.3842739	0.3225002	0.3332462	0.3173283
0.3458723	0.2943269	0.3143997	0.3614519	0.3152655	0.3083498	0.3171
0.2886993	0.2955467	0.3216616	0.3481164	0.3405341	0.2493257	0.2978586
0.3355	0.3181676	0.291374	0.3294069	0.3172083	0.2934772	0.3081918
0.3315704	0.3301261	0.355163	0.3159379	0.3298457	0.2950875	0.3260141
0.3394521	0.339666	0.3321396	0.298539	0.320646	0.2876432	0.2996897
0.3580382	0.3350348	0.3462713	0.3418172	0.3144392	0.2866958	0.3327385
0.290211	0.3463631	0.2826301	0.2986251	0.3278531	0.3055808	0.3417579
0.2887955	0.3194469	0.3302564	0.3008573	0.2915052	0.3116097	0.3265397
0.3449161	0.3746798	0.3494677	0.3360381	0.3368667	0.2742895	0.3631453
0.3276603	0.3420423	0.3403568	0.3345335	0.3499105	0.2774825	0.3005125
0.3283912	0.3614671	0.3407182	0.3579618	0.3530459	0.2969824	0.3408485
0.3100698	0.3373997	0.3294768	0.3280687	0.3104751	0.31853	0.3184862
0.3014427	0.3294666	0.2815065	0.3285607	0.3337247	0.2976826	0.3408922
0.3179623	0.3421056	0.3407177	0.3357186	0.30709	0.292433	0.3330954
0.3041199	0.3519221	0.3657504	0.3269204	0.3247706	0.2735183	0.3519834
0.3155048	0.3421549	0.3557968	0.3473355	0.2985143	0.3236905	0.3676757
0.3396937	0.3516726	0.3400161	0.359589	0.3129391	0.3205275	0.3174639
0.3394209	0.3482492	0.3073646	0.3294391	0.3248879	0.2887155	0.2963217
0.3339955	0.3105957	0.3406986	0.3271434	0.2996412	0.3029698	0.3820373
0.2927149	0.2944687	0.3310609	0.3306071	0.3001863	0.30405	0.2727666
0.3249801	0.3334157	0.3056238	0.2944794	0.3504384	0.3559474	0.3256192
0.2979839	0.3377106	0.3424762	0.3428769	0.2885285	0.3282908	0.3065947
0.3241773	0.341	0.3628809	0.3162273	0.3556063	0.3284412	0.3294852
0.3226862	0.3665634	0.3767639	0.3282968	0.3228824	0.3579633	0.3245978
0.3592859	0.3222861	0.3273196	0.3526898	0.3358665	0.293072	0.3211834
0.331067	0.3214152	0.3577119	0.3356549	0.3154384	0.3116432	0.3299835
0.3101225	0.3094353	0.3299612	0.3340452	0.3499205	0.3400922	0.3278218
0.329487	0.321361	0.2939112	0.3125056	0.3126813	0.3285566	0.3016407
0.3699547	0.345183	0.3581822	0.3294746	0.3255944	0.3250359	0.3090806
0.349735	0.3282499	0.3924468	0.3108073	0.3296019	0.3601261	0.348204
0.3315386	0.3519744	0.3486676	0.3752343	0.3785783	0.3382445	0.3402562
0.3213388	0.3417843	0.357115	0.3512221	0.3351725	0.3146991	0.3505315
0.2996722	0.3219063	0.3224219	0.3321438	0.3246834	0.2874848	0.3236783
0.3298218	0.342615	0.3391486	0.30936	0.2859051	0.220365	0.3032612
0.3604756	0.3465601	0.3451732	0.3514252	0.3166167	0.305172	0.3170906
0.3039984	0.3442779	0.3129544	0.3219882	0.2903169	0.3109776	0.3008228
0.3100951	0.3550796	0.3319906	0.3201558	0.3038423	0.3457824	0.296076
0.3417411	0.3715284	0.3493791	0.3747424	0.3664801	0.2754337	0.3480872
0.3356201	0.3383684	0.3478741	0.342255	0.3430399	0.377359	0.3405746
0.3024087	0.2969376	0.321006	0.3045794	0.3485399	0.3119896	0.2959928
0.3422474	0.343402	0.3572779	0.3324125	0.3464221	0.3248704	0.3303466
0.3665861	0.3591355	0.3626078	0.3561641	0.3349302	0.3308694	0.3172503
0.3146719	0.3142063	0.320529	0.3207108	0.2955729	0.3056608	0.3257599
0.3183782	0.3640915	0.3413332	0.3123377	0.3232842	0.3146575	0.3410948
0.3536263	0.3231483	0.3344286	0.3473507	0.3256576	0.3110151	0.3085173
0.3279414	0.3541866	0.3540304	0.3429376	0.342331	0.3403559	0.3300422
0.3199572	0.3211506	0.3179389	0.3171811	0.3114889	0.2928104	0.3147297
0.307585	0.3497522	0.3535586	0.3277227	0.3499105	0.3467915	0.31298
0.2865666	0.3145177	0.3317109	0.3369876	0.3440367	0.3348463	0.2992379
0.3607378	0.3488592	0.3517767	0.3456499	0.3198727	0.2938289	0.3143094
0.3102096	0.3360093	0.3326227	0.2968901	0.318102	0.3215626	0.2954809
0.3020288	0.3121496	0.3041016	0.2823595	0.3067738	0.2694815	0.3115413
0.402156	0.339597	0.3652199	0.3484965	0.3428883	0.3567977	0.3338826
0.3401141	0.3387118	0.3022711	0.304058	0.3021151	0.2847584	0.3096728
0.305511	0.3301045	0.3597426	0.3596376	0.3356701	0.3325293	0.3677055
0.3836851	0.3383296	0.3549675	0.3209824	0.3713354	0.3559086	0.3558486
0.3530039	0.3634588	0.3711759	0.325652	0.3349226	0.3116239	0.3441517
0.3728411	0.3825136	0.3202225	0.3558683	0.3555708	0.3134106	0.3267594
0.4014522	0.344671	0.3671063	0.3577016	0.3421561	0.2851753	0.3785018
0.3492586	0.320612	0.3315008	0.3009015	0.3554726	0.2784332	0.270181
0.3619368	0.3432194	0.3628827	0.3293942	0.3222286	0.3014315	0.3073827
0.3380129	0.3375155	0.3416225	0.3544844	0.3129093	0.2948613	0.2729179
0.2730429	0.3134381	0.3409774	0.3108738	0.3179681	0.2897284	0.3167111
0.3293301	0.3426374	0.3192904	0.3274209	0.3295334	0.2973685	0.2907959
0.3393413	0.3389395	0.3524726	0.3269176	0.3667338	0.3066209	0.3451565
0.3615299	0.3549867	0.3383981	0.3289114	0.3501317	0.2768028	0.3243945
0.3515413	0.3450607	0.2765059	0.317266	0.3228257	0.2627583	0.3336432
0.3053814	0.341401	0.3445423	0.3108187	0.3097811	0.320604	0.3699635
0.3066676	0.3439519	0.3507805	0.3598959	0.3192225	0.3485574	0.3347878
0.2844535	0.317744	0.3594537	0.3197152	0.3560486	0.2915226	0.3406509
0.3864726	0.3642711	0.3433251	0.3371414	0.3120988	0.3087507	0.3325791
0.2737389	0.3231103	0.3599879	0.3491125	0.332477	0.3571408	0.3026865
0.3287081	0.3247811	0.3598269	0.3423529	0.3091459	0.3281448	0.3452368
0.3416261	0.3290215	0.3482174	0.3262265	0.3301113	0.2714081	0.3130035
0.3700223	0.3327928	0.2998896	0.3189564	0.2881999	0.2976227	0.2847265
0.3972448	0.3436324	0.3294181	0.3382192	0.3325547	0.2581208	0.2780157
0.2935232	0.3411322	0.3294551	0.3132962	0.3122795	0.2497512	0.3093372
0.2833154	0.3332035	0.3132349	0.3552359	0.3007809	0.3183747	0.3300627
0.3001333	0.3353666	0.3270922	0.2908156	0.3402781	0.2882928	0.311742
0.3992981	0.331963	0.3503764	0.3496545	0.3209732	0.2766631	0.3350739
0.2887572	0.3150813	0.3294513	0.3629021	0.3174302	0.3126829	0.3128954
0.3280182	0.3673732	0.3506214	0.3527394	0.3164931	0.3269997	0.367699
0.3209273	0.3510846	0.3261441	0.3167805	0.3080558	0.3047235	0.3070664
0.3044787	0.3103931	0.2955776	0.3639805	0.3047072	0.2457882	0.327857
0.3338161	0.3363478	0.3133816	0.3479852	0.3241434	0.2976345	0.3218523
0.3209119	0.34269	0.3139237	0.332112	0.3425122	0.3232237	0.3530297
0.3209983	0.3426784	0.3344002	0.333792	0.3403811	0.2891856	0.3241785
0.3082928	0.347546	0.3094283	0.2960636	0.2693414	0.2598187	0.3218934
0.3438848	0.3297852	0.3495843	0.3345102	0.3308892	0.2701977	0.3517932
0.3696809	0.3629385	0.3408497	0.3422403	0.3555536	0.341275	0.3505805
0.3379694	0.3516572	0.3441402	0.3284674	0.3134602	0.3410883	0.2993289
0.3263827	0.3302875	0.3640197	0.3382245	0.2815795	0.3237095	0.3568448
0.3364797	0.3184772	0.3338402	0.3488873	0.308946	0.2923515	0.3330274
0.3124275	0.3508676	0.3456163	0.3583434	0.3104047	0.34447	0.3416222
0.3602395	0.3092253	0.3440136	0.3376234	0.3157786	0.2990508	0.2994832
0.2923636	0.3102407	0.351982	0.3582596	0.3360917	0.3510039	0.3338447
0.3068163	0.3293076	0.3419604	0.3289003	0.3164826	0.2485131	0.3160159
0.3255264	0.3424176	0.3238008	0.3039055	0.3195931	0.3039163	0.3375552
0.348297	0.3511923	0.3465732	0.338474	0.3456723	0.265646	0.3111058
0.3466388	0.3572253	0.3594893	0.3232965	0.3547718	0.3571221	0.3357568
0.3638987	0.3503421	0.3457057	0.34488	0.3102015	0.2819018	0.316815
0.2911377	0.3309122	0.32588	0.3441559	0.3135247	0.3541286	0.351413
0.3331005	0.3216936	0.3311897	0.3384719	0.3147857	0.2834277	0.3233247
0.3419873	0.3165489	0.3289338	0.3136697	0.3236971	0.3031688	0.3084298
0.3893023	0.3586299	0.3459565	0.3532259	0.3517523	0.3357737	0.3621572
0.2878976	0.3362894	0.3388625	0.3366532	0.3270895	0.3182414	0.3234606
0.3113517	0.3028463	0.3296633	0.2997964	0.3155748	0.337353	0.3400139
0.3443735	0.3107531	0.2892639	0.3110455	0.3123116	0.2626152	0.316221
0.3198911	0.3350894	0.3478243	0.3530556	0.3540541	0.2984882	0.3530913
0.3671794	0.3373958	0.3588247	0.3485057	0.3455831	0.2833749	0.3375999
0.3487551	0.3666579	0.3565179	0.3545368	0.3323229	0.3428529	0.295182
0.3509022	0.3456416	0.3536862	0.3431076	0.3585067	0.3678071	0.3637478
0.3180041	0.3451368	0.3633141	0.332799	0.3308631	0.2953089	0.3351752
0.291942	0.2807063	0.30064	0.3132562	0.3362053	0.3161841	0.3139206
0.3014976	0.329185	0.3546111	0.383527	0.3162874	0.3284017	0.3947496
0.3062317	0.3258951	0.337301	0.3453927	0.335027	0.3110653	0.2947414
0.3174967	0.3105908	0.3278755	0.3577409	0.3084723	0.3265876	0.3402559
0.3325163	0.3515766	0.3408455	0.3526139	0.3234014	0.3100025	0.3501639
0.3315677	0.2904542	0.3330026	0.3237961	0.3412906	0.3280918	0.3465007
0.4081859	0.3489148	0.307276	0.312794	0.3415795	0.323321	0.3423982
0.4029946	0.3777481	0.3218091	0.3593495	0.3690064	0.289346	0.3266514
0.3374499	0.3357768	0.345514	0.3670941	0.3329773	0.3803019	0.3102509
0.3236656	0.3610554	0.368013	0.3369691	0.3518099	0.2902831	0.352562
0.3260383	0.3288653	0.3250587	0.3451378	0.3062784	0.3320145	0.3177499
0.3383714	0.3359783	0.3323035	0.3348434	0.3663003	0.3210811	0.3287135
0.3465188	0.3382595	0.3451849	0.3389192	0.3412132	0.3262866	0.3387947
0.3341102	0.3621454	0.3207207	0.370953	0.3183885	0.2841771	0.341862
0.3986894	0.3320824	0.3568093	0.3047863	0.3353823	0.3019963	0.3255523
0.3145766	0.3289347	0.2944378	0.2926244	0.3299803	0.2945406	0.3089054
0.3389765	0.3352277	0.3708944	0.3291752	0.3134093	0.3239277	0.3315247
0.3217801	0.3277171	0.3235569	0.3357957	0.3311484	0.2858878	0.3322598
0.3489256	0.3318286	0.3315009	0.3247283	0.3242421	0.3219731	0.3131438
0.3531602	0.3413333	0.2929951	0.3305505	0.3265605	0.2636622	0.3273555
0.3316049	0.3642506	0.341689	0.3632593	0.347153	0.3070692	0.2811042
0.3396886	0.318056	0.3490214	0.3432562	0.3059859	0.3155679	0.3633191
0.303666	0.3158584	0.3062672	0.3114268	0.3175798	0.3484523	0.2887469
0.3815726	0.3025554	0.3385931	0.3713865	0.3251662	0.3038327	0.3102309
0.3249959	0.3506159	0.3507269	0.3174489	0.3148501	0.3348405	0.3248787
0.3562703	0.3335524	0.3259088	0.3419036	0.3217717	0.3374736	0.3251424
0.2797075	0.3050079	0.2978544	0.2975317	0.3320077	0.2564973	0.306746
0.2889465	0.3354597	0.3428328	0.3295157	0.3173545	0.3389927	0.3655585
0.3449257	0.3203033	0.3646357	0.2947356	0.2801403	0.3358662	0.3269505
0.3565099	0.3576619	0.3673046	0.3522417	0.3260454	0.3832495	0.3101722
0.334694	0.3625372	0.3582204	0.3454072	0.3658295	0.3297616	0.3585525
0.3142211	0.3312821	0.3252393	0.3272192	0.2800603	0.3327494	0.3201357
0.3028139	0.3349606	0.3264538	0.3498049	0.324031	0.3018552	0.3694056
0.3165033	0.3381863	0.3459616	0.3462021	0.3024428	0.3422362	0.3556268
0.3244272	0.3115815	0.3372541	0.3549341	0.289528	0.3384449	0.3349183
0.3038046	0.3503393	0.2962251	0.3343235	0.3208066	0.298539	0.2990533
0.2873265	0.3147481	0.3332632	0.3176717	0.334368	0.2599154	0.3270861
0.2859496	0.3253265	0.3436186	0.2885162	0.322597	0.2761053	0.3141976
0.2740198	0.313736	0.3323272	0.3345065	0.3244567	0.2867704	0.3361309
0.3447077	0.3356722	0.3260474	0.3243527	0.3171243	0.3377739	0.3172237
0.293843	0.3498634	0.3019473	0.3202408	0.2999898	0.3328654	0.311003
0.3535762	0.3233428	0.3321943	0.3446831	0.344567	0.3040646	0.3353017
0.3182001	0.3542674	0.3571768	0.326895	0.3421012	0.3095385	0.3330081
0.3141143	0.3597347	0.3249836	0.355756	0.2988459	0.2990864	0.3455455
0.2895882	0.3372381	0.3292433	0.3264285	0.3275192	0.3089998	0.3501465
0.349102	0.326076	0.3425992	0.3512204	0.3143801	0.2547372	0.3445704
0.3376994	0.3432498	0.3107701	0.324602	0.3253693	0.3095294	0.3275816
0.2494117	0.2994995	0.3076881	0.3175272	0.3397683	0.3011935	0.2961786
0.2916138	0.3303494	0.3349248	0.3305798	0.3110828	0.3408354	0.3331972
0.3706361	0.3171015	0.3165584	0.338584	0.3163491	0.3166185	0.2911903
0.2852454	0.3545386	0.3433081	0.3449957	0.3525743	0.3458833	0.3114406
0.3211481	0.317302	0.3697008	0.3673653	0.3750874	0.3257872	0.3240931
0.3264082	0.3566423	0.3488516	0.3453921	0.305439	0.297598	0.3417658
0.2867888	0.3569285	0.3267097	0.3239404	0.3218299	0.3104951	0.3129834
0.3592345	0.3165687	0.3407223	0.3364969	0.3400745	0.2712109	0.3250416
0.3470561	0.3641055	0.3633447	0.3711871	0.3725249	0.2867779	0.3440327
0.3426081	0.3512382	0.349629	0.3347756	0.3396469	0.320318	0.3539812
0.3492906	0.3257416	0.3306683	0.3443693	0.3430001	0.3253548	0.331077
0.3485448	0.3471419	0.3466704	0.3371486	0.351033	0.2939195	0.3321368
0.3162277	0.3538393	0.3621312	0.3626745	0.3302706	0.3219892	0.3387496
0.3310985	0.3628245	0.3402915	0.3239068	0.3017071	0.318253	0.3340896
0.3522891	0.3447637	0.3421108	0.3477583	0.3329785	0.3596325	0.3397612
0.2889147	0.3076746	0.3035881	0.3243347	0.3400045	0.3127135	0.331782
0.3058766	0.3190167	0.3516387	0.3225588	0.3217864	0.2969276	0.350912
0.3286601	0.2964833	0.3481845	0.3496845	0.3371309	0.3199001	0.3552315
0.3574542	0.3469504	0.3406807	0.3439008	0.3476352	0.3243142	0.3166553
0.3356267	0.3344309	0.3645652	0.3148865	0.3155841	0.3248011	0.3396495
0.2742747	0.3454841	0.3364298	0.3111367	0.3404991	0.3088021	0.3306499
0.3585	0.3391081	0.3022163	0.3368206	0.3265689	0.30197	0.3090585
0.3433606	0.3531012	0.2833553	0.3355967	0.3038347	0.301369	0.3374595
0.3936971	0.3410944	0.3206393	0.3229118	0.3536559	0.34246	0.2792048
0.3080067	0.3251689	0.3202466	0.339578	0.3547598	0.3031444	0.3312781
0.3113374	0.3316294	0.3420977	0.3513195	0.3763707	0.3590444	0.3073347
0.3669181	0.3362618	0.3390471	0.3700792	0.3627608	0.3266827	0.3259677
0.2996941	0.3368868	0.3109166	0.3321051	0.3313654	0.276246	0.3026332
0.3404176	0.3310699	0.3260977	0.3368904	0.367225	0.3053378	0.3176742
0.2956732	0.3051053	0.3002481	0.3300826	0.3419902	0.2904364	0.3320924
0.3100886	0.3035856	0.3464006	0.3577421	0.3206485	0.3258252	0.3192355
0.330277	0.3551903	0.3363726	0.3730754	0.3131983	0.2925048	0.3310653
0.3298593	0.3031481	0.3257254	0.3320916	0.2788651	0.2948337	0.2978039
0.3695789	0.3511704	0.3000141	0.3305638	0.3213767	0.3039456	0.3281719
0.3305956	0.3511147	0.3474935	0.3620074	0.33103	0.2685809	0.2932566
0.3308083	0.3554801	0.3581045	0.3661205	0.3275995	0.2694602	0.3613392
0.3050687	0.3239691	0.3227647	0.3045534	0.3225037	0.3031597	0.3141538
0.3292934	0.3186818	0.3376788	0.3426837	0.3556456	0.2694699	0.3300757
0.3214656	0.3196975	0.3139994	0.3287455	0.3447015	0.2947066	0.345397
0.3115007	0.3444296	0.352214	0.3192464	0.3400273	0.2496276	0.3062232
0.3476797	0.3140724	0.3034516	0.3200338	0.3252729	0.3153146	0.3263023
0.3157495	0.332556	0.3723459	0.3407985	0.323173	0.2667307	0.3438507
0.3421414	0.2956752	0.3175075	0.3294232	0.3088269	0.3512076	0.3336044
0.2758652	0.3337069	0.3185547	0.3790376	0.3438273	0.2681138	0.293456
0.3290188	0.293853	0.2965956	0.3522884	0.3184965	0.341066	0.3259889
0.377559	0.3405181	0.3388241	0.3293532	0.3475057	0.2836789	0.3275828
0.2936977	0.3635791	0.3348225	0.3479855	0.3148771	0.2823288	0.3279001
0.3204017	0.330824	0.3510695	0.3532759	0.3315891	0.2900691	0.3385925
0.3516403	0.320378	0.3042735	0.3641562	0.3057189	0.3079256	0.3406795
0.3216864	0.3460795	0.3472636	0.3411407	0.3489921	0.3838686	0.3386564
0.317427	0.3300713	0.3616001	0.3461986	0.3374445	0.331164	0.3207966
0.3292528	0.2817372	0.3595273	0.323419	0.3097573	0.2715169	0.2728327
0.293704	0.2102205	0.3550804	0.2655928	0.2646775	0.2133044	0.2450196
0.3043641	0.2691662	0.3571531	0.2842298	0.2900175	0.2483956	0.2792042
0.316407	0.3727422	0.3584205	0.3356055	0.3371506	0.3161945	0.3396286
0.3251234	0.3513519	0.3418446	0.3416406	0.313987	0.2989242	0.3132462
0.2856239	0.3501631	0.3449553	0.3314157	0.3303394	0.3108596	0.3186569
0.3332897	0.3204497	0.3608295	0.3345373	0.3310081	0.326142	0.3298634
0.3531922	0.3136603	0.3262086	0.32327	0.3034129	0.2585554	0.3270587
0.3380488	0.3334287	0.3286394	0.3162039	0.3177403	0.2648007	0.3276943
0.3625841	0.3535274	0.3317945	0.356507	0.3302573	0.3057633	0.371491
0.3135361	0.298621	0.2986581	0.3401487	0.3312391	0.3127919	0.3192494
0.2957869	0.3557993	0.3316861	0.3072159	0.3257124	0.2998489	0.3238064
0.3222353	0.3252318	0.31719	0.3569286	0.3377113	0.2914791	0.3174206
0.3567562	0.3346812	0.3068507	0.3256934	0.3205449	0.3246343	0.3015128
0.2956711	0.3676585	0.322835	0.3252503	0.3529396	0.3029124	0.3177223
0.3586847	0.3550005	0.3197406	0.3213377	0.349948	0.2375087	0.348746
0.3308023	0.3479158	0.2820392	0.3315803	0.3188572	0.2263404	0.3431582
0.3726486	0.3509172	0.3650494	0.3096236	0.3588313	0.3487777	0.3473608
0.3418562	0.3305651	0.3537668	0.3530462	0.3133929	0.3505067	0.3517263
0.4014284	0.3203753	0.3598181	0.3728764	0.3507279	0.2792644	0.3580378
0.3785634	0.3333625	0.3223938	0.3263888	0.3320734	0.2302602	0.3192986
0.2914739	0.3395245	0.3274798	0.3361344	0.3288152	0.3052629	0.3411135
0.3154104	0.3445103	0.3365247	0.3520889	0.3250056	0.310139	0.3429866
0.2616979	0.2999668	0.3382604	0.2873504	0.31435	0.2843413	0.3176842
0.2984401	0.3515786	0.314524	0.3228712	0.3413252	0.3145888	0.3163598
0.3122452	0.3304551	0.3383259	0.3366524	0.317876	0.3318502	0.3334372
0.3298169	0.3279628	0.3370617	0.3272684	0.3329141	0.3233545	0.3308163
0.3287997	0.2695156	0.3195486	0.3307458	0.3651236	0.3267818	0.3090474
0.3147549	0.3450176	0.3531323	0.2861881	0.3173726	0.3242046	0.3210205
0.3591423	0.3316609	0.2997196	0.3257793	0.3209175	0.3551214	0.3326185
0.3550616	0.3303725	0.3488384	0.3431165	0.326713	0.3212373	0.312789
0.3136839	0.3518709	0.3485988	0.336389	0.3100499	0.3114805	0.342243
0.3707434	0.3437607	0.3500362	0.3562731	0.3104507	0.3034081	0.310902
0.3417597	0.343724	0.3363903	0.3123901	0.3450961	0.2810847	0.3007531
0.3253481	0.3481905	0.3495225	0.3168772	0.334914	0.2873396	0.3365337
0.3948999	0.3601708	0.3430958	0.3162752	0.3343767	0.3285113	0.3397694
0.3127943	0.3484384	0.3171641	0.3165294	0.3292828	0.3106433	0.3270909
0.3069222	0.3623636	0.3545796	0.3135015	0.3093932	0.281377	0.3397102
0.3268351	0.3430772	0.3536486	0.3223543	0.3140229	0.3503487	0.3249956
0.3323515	0.3486761	0.3056059	0.3279679	0.3267164	0.3080542	0.3565883
0.2959308	0.3413557	0.3199823	0.2967925	0.3349283	0.3033572	0.3039872
0.3867846	0.3366503	0.3476729	0.3449306	0.3185252	0.300061	0.3497681
0.3609784	0.3709924	0.3400837	0.3549254	0.3032345	0.2909248	0.3626948
0.3796167	0.3616544	0.3701967	0.3409339	0.3418791	0.3002274	0.3198683
0.3458771	0.3429286	0.3522266	0.3430917	0.3408776	0.3172929	0.3495717
0.2976113	0.3466751	0.3374394	0.3418072	0.317724	0.2945408	0.3550007
0.3708838	0.3036923	0.3573527	0.3379185	0.3232934	0.3197462	0.3264429
0.3503823	0.3090211	0.3534967	0.3554017	0.3116308	0.3584349	0.3381988
0.3066573	0.350725	0.3316249	0.3559013	0.3065251	0.3178268	0.2924632
0.3614802	0.3527971	0.3395022	0.322024	0.3399704	0.3541802	0.3450112
0.3047647	0.3493317	0.3586677	0.3061963	0.3619449	0.3435085	0.3366777
0.3952276	0.3601895	0.37413	0.4128342	0.3677286	0.4051232	0.3739258
0.3325797	0.3475321	0.3486678	0.3415319	0.2799566	0.3147682	0.3316457
0.3163437	0.3462504	0.3431076	0.3367335	0.3319058	0.3127426	0.3180897
0.3549634	0.3280729	0.36365	0.3404625	0.3379565	0.310345	0.3534111
0.2979116	0.3115319	0.3688891	0.3098406	0.3375939	0.3282064	0.3381145
0.3845984	0.3646061	0.3588459	0.330789	0.3480786	0.3585583	0.3410796
0.3198726	0.336399	0.3390141	0.3456368	0.3252223	0.2961384	0.296733
0.3439461	0.3285009	0.339933	0.3351918	0.3105964	0.3279039	0.3256006
0.3496753	0.3235093	0.3154248	0.3173058	0.3113197	0.2935873	0.3031367
0.3624919	0.3202183	0.3429632	0.3421406	0.3182975	0.3142897	0.3203965
0.3191611	0.320787	0.3364284	0.3154814	0.3183624	0.3039767	0.3377724
0.3428029	0.3194136	0.3223881	0.3363924	0.3158554	0.2949013	0.3369153
0.3266959	0.3238765	0.3066551	0.3350309	0.3494459	0.327959	0.3444507
0.3126138	0.3495295	0.3138833	0.3240626	0.29818	0.3068151	0.3024266
0.3343025	0.2997569	0.2816135	0.3603305	0.2732134	0.2976162	0.3298207
0.3587445	0.3443559	0.3339308	0.3446493	0.3485047	0.2862964	0.3371661
0.314348	0.3224037	0.3120397	0.3326813	0.3333153	0.3006623	0.3128124
0.2919663	0.3126668	0.3097058	0.3138192	0.3044381	0.325198	0.3280386
0.3741834	0.3540735	0.3384551	0.3444381	0.3398155	0.322845	0.3192817
0.3555211	0.3395336	0.3631669	0.3029822	0.3300159	0.3100416	0.3373736
0.3406652	0.3239131	0.343856	0.3125708	0.34028	0.3296806	0.3147528
0.3094654	0.3394844	0.3363149	0.2955159	0.3428659	0.3129929	0.3481243
0.3217344	0.3929653	0.3347035	0.3634226	0.3222646	0.3630575	0.3651917
0.356706	0.3470207	0.3371361	0.2989291	0.3431886	0.3200463	0.3183148
0.2769751	0.1956964	0.3633229	0.2555724	0.2578016	0.2160456	0.2261222
0.3232417	0.3411197	0.3263235	0.336349	0.3351048	0.2720866	0.2714799
0.3293503	0.356949	0.3355128	0.3428449	0.3188627	0.2786939	0.3465407
0.4093238	0.3170574	0.3266575	0.3528508	0.3162575	0.3189788	0.3416588
0.3159016	0.3547697	0.3334511	0.3342966	0.3593957	0.2883259	0.3533533
0.3623449	0.3637474	0.3396829	0.31459	0.3158446	0.3504451	0.3577961
0.3338833	0.3427737	0.2748896	0.3314915	0.3530112	0.309663	0.3004269
0.2903884	0.366544	0.3322684	0.3191082	0.333557	0.3364	0.3226238
0.3062715	0.3310216	0.3274579	0.3304942	0.261607	0.341839	0.2763492
0.2953158	0.3397675	0.340233	0.3361285	0.2890689	0.2843244	0.3025071
0.3402509	0.3523894	0.3371865	0.3111291	0.3264949	0.3689056	0.3718176
0.3298763	0.3287197	0.3222274	0.3026867	0.2914757	0.286327	0.3121766
0.3240949	0.309013	0.3117898	0.3525173	0.3467841	0.3250948	0.3322171
0.3373223	0.3299206	0.3568381	0.3449104	0.2807272	0.3084434	0.3063538
0.3632963	0.3614474	0.3296479	0.3526566	0.347726	0.3087204	0.3471456
0.3552432	0.3604909	0.3400749	0.328904	0.3427516	0.2621135	0.3191978
0.3581495	0.3479765	0.3354492	0.347623	0.3475768	0.2535551	0.306196
0.3009253	0.3325579	0.3343712	0.2961147	0.3220225	0.3083429	0.3325302
0.3241274	0.3116655	0.3356725	0.3400661	0.3253122	0.2753129	0.3259777
0.2909927	0.3337774	0.3248367	0.3495366	0.3225548	0.3464697	0.3484111
0.3335787	0.3309751	0.3380782	0.3447931	0.3487874	0.3107601	0.3602944
0.3107642	0.3238351	0.3412335	0.3487731	0.337374	0.2736782	0.3295224
0.3097882	0.3589898	0.313004	0.3338794	0.3197951	0.2809846	0.3143758
0.3038625	0.3393078	0.3349781	0.3306015	0.3347318	0.2963376	0.3265458
0.3452935	0.393707	0.3895766	0.3769982	0.35894	0.2978676	0.342768
0.2721416	0.3494763	0.3383048	0.3597799	0.3384272	0.2510446	0.3591375
0.3853213	0.3364437	0.3595465	0.3355343	0.3153981	0.3418493	0.3757711
0.3354485	0.3700048	0.373922	0.3501494	0.3431809	0.3278316	0.3331587
0.3262335	0.3615066	0.3231687	0.3149293	0.3386856	0.3521838	0.3203848
0.3927712	0.323234	0.3374715	0.3657367	0.33286	0.3239098	0.3356377
0.3129092	0.3205433	0.3367947	0.3425867	0.3069371	0.3183983	0.3414782
0.3208364	0.3426817	0.3426058	0.3391011	0.3342203	0.3180142	0.345641
0.3186294	0.3412556	0.3437896	0.329344	0.3392142	0.2711966	0.335516
0.339341	0.3385023	0.3502016	0.3199509	0.3454721	0.2944876	0.3188186
0.3195685	0.3208217	0.322792	0.3320103	0.3142367	0.2855101	0.2958178
0.3396832	0.3765078	0.3268423	0.3209158	0.333438	0.2947552	0.3400467
0.3501484	0.3072109	0.3269295	0.3132734	0.2908851	0.3168696	0.3326038
0.3267073	0.3134222	0.3184675	0.3269166	0.3095505	0.2606127	0.3564056
0.3449503	0.3583939	0.361674	0.3445745	0.3461782	0.3114397	0.3067087
0.3356762	0.3048883	0.3175583	0.3450761	0.3494343	0.3402908	0.3451753
0.297251	0.326718	0.3242193	0.3571503	0.3177036	0.294155	0.2996948
0.3410138	0.3305029	0.3306427	0.3010127	0.3387915	0.2848159	0.3472665
0.3246073	0.3532564	0.3458207	0.323315	0.3326812	0.3187934	0.3442128
0.3288587	0.3664315	0.3600216	0.3874595	0.3594242	0.3195085	0.3681885
0.3306751	0.3362875	0.3523813	0.332671	0.3448902	0.3481167	0.3278275
0.3890191	0.3691441	0.3475455	0.344147	0.3010148	0.2781599	0.3775152
0.3570131	0.3214894	0.3535015	0.3267596	0.3660954	0.3155899	0.3601133
0.3564302	0.324299	0.3074715	0.3265422	0.3467584	0.2354164	0.3408806
0.3043866	0.3107256	0.3289614	0.320529	0.3295624	0.2958795	0.2930186
0.3972847	0.3609056	0.3501743	0.372603	0.37004	0.2880549	0.3674611
0.3583016	0.3474283	0.3308134	0.3196369	0.295366	0.2818199	0.3195956
0.3402473	0.3406084	0.3405815	0.3453545	0.3302623	0.3113716	0.3295392
0.3410438	0.3388711	0.3282068	0.3205528	0.3084928	0.3041854	0.3307226
0.3034505	0.331879	0.2975146	0.3104087	0.323242	0.2826012	0.3167668
0.344444	0.3076099	0.3442573	0.2871243	0.3223106	0.3026351	0.317532
0.3625419	0.3484775	0.3316155	0.3295605	0.3443756	0.2989087	0.3079479
0.4071163	0.3184022	0.3180841	0.3304883	0.3057704	0.3063023	0.3238041
0.2873891	0.3367015	0.3385534	0.3407959	0.308671	0.3282138	0.3485588
0.3062079	0.3555219	0.3458809	0.3354234	0.3262229	0.3505647	0.3424158
0.308432	0.3173607	0.3203879	0.3281912	0.309778	0.3114475	0.303324
0.2943843	0.3346769	0.3507252	0.35211	0.3591475	0.2957837	0.3213541
0.3404741	0.3762782	0.3644622	0.3781928	0.2921843	0.3390333	0.3177431
0.3645638	0.3155383	0.3142097	0.3610496	0.3348659	0.2951503	0.3101007
0.292798	0.3153394	0.3628658	0.3044572	0.3156742	0.3181486	0.2974194
0.3386112	0.340725	0.3695138	0.3302782	0.3534482	0.32665	0.3684072
0.3674137	0.3234352	0.3203972	0.3242505	0.3321393	0.347914	0.3173809
0.3411834	0.3470505	0.3558773	0.2822329	0.3020832	0.3383449	0.338138
0.334557	0.3495512	0.3321634	0.299082	0.3133704	0.3172096	0.336356
0.2679701	0.3122125	0.3279776	0.3193858	0.2717305	0.2511245	0.2755924
0.3065725	0.3253482	0.3157271	0.2997326	0.2913775	0.2806661	0.2957114
0.2436631	0.3328989	0.3255211	0.3079518	0.3020101	0.220919	0.3003829
0.3762832	0.3405555	0.344784	0.3511818	0.3106238	0.3016916	0.3338566
0.3381512	0.340278	0.3297895	0.3213074	0.3225495	0.3201258	0.3497126
0.3410038	0.3236973	0.3339351	0.3193399	0.331648	0.3294176	0.3287483
0.3018393	0.3101105	0.2929829	0.3260679	0.3184142	0.3272854	0.3215213
0.3623103	0.3503002	0.326702	0.3337845	0.3311224	0.3160526	0.313224
0.3171815	0.3388279	0.3534536	0.3282651	0.3565287	0.3046012	0.3572222
0.3494052	0.3405505	0.3401109	0.3260795	0.3545193	0.3288843	0.3113519
0.3278506	0.3306632	0.355313	0.3564468	0.3526308	0.3587794	0.3498035
0.3458082	0.3464655	0.3234781	0.3160303	0.3194198	0.2856884	0.3421946
0.2926272	0.3701655	0.3344581	0.3302622	0.2971032	0.304545	0.3680767
0.3450451	0.3360882	0.3359214	0.3444259	0.3214652	0.3182167	0.303472
0.3531399	0.362868	0.3555285	0.3481629	0.3404578	0.3009834	0.3499971
0.3627832	0.3496242	0.3633137	0.3419836	0.3210524	0.3001065	0.3086801
0.3836383	0.3234812	0.3198871	0.3341445	0.2965918	0.2625391	0.3339881
0.3164323	0.3232147	0.3233784	0.3502624	0.3224981	0.2941041	0.3401944
0.2932105	0.3033163	0.3349251	0.3350243	0.3402829	0.320689	0.3169114
0.347322	0.3372157	0.2860541	0.3439824	0.324437	0.3085328	0.3338653
0.3124442	0.3157339	0.3504791	0.3441298	0.3150508	0.3106497	0.3555981
0.3366646	0.3332564	0.3691581	0.3254914	0.3431472	0.2488937	0.3511759
0.3626006	0.335118	0.3749888	0.3516712	0.3062211	0.3377238	0.3409131
0.3393568	0.3443431	0.3433507	0.3477964	0.3328755	0.3446856	0.3274821
0.3205203	0.3553594	0.3361071	0.3618072	0.3316529	0.264544	0.3659151
0.3621628	0.326496	0.313922	0.3392456	0.337984	0.2180588	0.3105165
0.355363	0.3142294	0.3237699	0.3083494	0.3178033	0.2967834	0.3241549
0.3711975	0.3177864	0.3335928	0.3647031	0.336906	0.3196557	0.3199509
0.3395833	0.3562122	0.3515696	0.3613433	0.397897	0.3120567	0.3279256
0.3509456	0.2998704	0.3290719	0.3365988	0.3223378	0.3244612	0.320663
0.3125025	0.3474444	0.3368713	0.3048183	0.3433585	0.2680246	0.3232932
0.3110428	0.3068839	0.2646834	0.3223524	0.3289791	0.3332632	0.3576332
0.3377794	0.3114995	0.323783	0.31753	0.3420559	0.3186418	0.3142322
0.3812865	0.3422578	0.3682885	0.3397334	0.3259704	0.3182682	0.3370415
0.345327	0.3198869	0.3258017	0.3579324	0.33912	0.2393831	0.3313715
0.317108	0.3035727	0.3416997	0.3170551	0.3610082	0.3529613	0.2680151
0.2949603	0.3474401	0.3298627	0.3574326	0.341257	0.2600965	0.3330487
0.3291027	0.3372975	0.3504505	0.3149487	0.3246206	0.289349	0.2907203
0.3520134	0.3165483	0.328709	0.310067	0.3378539	0.3245405	0.3506157
0.3293532	0.3340643	0.3131813	0.3278738	0.3030911	0.2968227	0.3474155
0.3682158	0.3519442	0.3348638	0.3264314	0.3390538	0.3534356	0.3324262
0.3497846	0.3553067	0.3438991	0.3247313	0.3439379	0.3121578	0.3152067
0.3310658	0.3601817	0.3739663	0.331606	0.3496466	0.3673272	0.3672651
0.3481387	0.3720845	0.3325541	0.3212794	0.2691872	0.3612427	0.3250485
0.331012	0.3263556	0.3417069	0.3595498	0.3321156	0.2657972	0.3286144
0.3136872	0.3188002	0.3247378	0.3328842	0.3029894	0.2999625	0.3200878
0.328043	0.3169585	0.3380474	0.3195121	0.2765655	0.3193472	0.319131
0.3050709	0.3248673	0.3347045	0.3123601	0.2910906	0.3227501	0.2880484
0.3597559	0.3283532	0.3367325	0.3408332	0.3097188	0.2667974	0.3265749
0.316858	0.2960432	0.35492	0.3083237	0.2985632	0.2918303	0.2969865
0.2998065	0.3243196	0.3514528	0.3449334	0.3369234	0.2849517	0.3231516
0.3293262	0.3571256	0.3209574	0.334963	0.3349498	0.3151605	0.358448
0.3713372	0.3260595	0.3185464	0.3642189	0.3529533	0.3153392	0.355416
0.3665462	0.3415303	0.3406559	0.3195745	0.3219538	0.2993853	0.332164
0.3012727	0.3292578	0.3200434	0.3398393	0.3396637	0.3155788	0.3320216
0.3438613	0.3656172	0.3576093	0.3690927	0.3292554	0.3119261	0.3471182
0.3327268	0.3315409	0.3434864	0.3420905	0.3384428	0.3265419	0.3415429
0.351543	0.3603824	0.360266	0.3606179	0.3242966	0.3129548	0.3525395
0.3047013	0.3395151	0.3196556	0.3535371	0.306018	0.3214681	0.3628539
0.3005802	0.3456968	0.3466814	0.3187119	0.3192487	0.3126533	0.3231706
0.3238567	0.3327738	0.3388936	0.3488088	0.3421232	0.3341664	0.3458395
0.4084853	0.3792937	0.36394	0.2941512	0.3503035	0.2963108	0.3536343
0.2877668	0.3402734	0.324647	0.3432564	0.3068536	0.3137499	0.3211051
0.3203388	0.3342701	0.3392971	0.3407346	0.3427726	0.3296475	0.3643111
0.3041715	0.3589505	0.334538	0.3255161	0.3209769	0.2896754	0.3376852
0.3487419	0.3220116	0.327843	0.3280964	0.3045825	0.2861831	0.3316223
0.3662886	0.3391109	0.3443282	0.3435655	0.3202598	0.3004916	0.3244615
0.3109126	0.3288897	0.3573599	0.3526489	0.3624346	0.3122483	0.3247065
0.3433564	0.3204307	0.3397816	0.3377949	0.3136214	0.3044013	0.3324427
0.3322308	0.3221367	0.3251596	0.3429566	0.3338609	0.3000708	0.3657475
0.368784	0.3020248	0.3183555	0.2782042	0.2901997	0.2885162	0.2892406
0.3863809	0.3335792	0.3136906	0.3452494	0.3096598	0.2750366	0.3142786
0.3331944	0.3144959	0.3194843	0.3055315	0.3203077	0.2805162	0.3160099
0.3490461	0.3202118	0.3409696	0.3313059	0.3350874	0.2503685	0.3489332
0.3118382	0.3034633	0.3260741	0.3109308	0.3238701	0.3326469	0.3211264
0.3614415	0.3478129	0.3469882	0.3680588	0.3229248	0.2816023	0.3368473
0.3369734	0.3085224	0.3580763	0.3188843	0.3377363	0.3102598	0.3304589
0.3665454	0.3575787	0.3375425	0.3266658	0.3373186	0.325199	0.3386363
0.3383245	0.3528463	0.3431552	0.3312934	0.3094359	0.3512145	0.3344625
0.3869369	0.3129059	0.3537081	0.3393885	0.3451776	0.3126134	0.3367465
0.3316322	0.3563816	0.3603778	0.3547449	0.349949	0.321505	0.3416395
0.3281085	0.353946	0.3371801	0.3487435	0.290804	0.3319233	0.3551123
0.3168759	0.3476143	0.3399983	0.3267646	0.3212967	0.3360469	0.3511571
0.373316	0.2982783	0.3061058	0.3400818	0.3433533	0.2672966	0.3472605
0.2566531	0.3477237	0.3277583	0.3134039	0.3313953	0.2653996	0.3205848
0.3103164	0.3836855	0.3488049	0.4055321	0.3491062	0.2974936	0.3747909
0.3319694	0.3344237	0.3680662	0.3391472	0.3067548	0.3410979	0.3530952
0.3286795	0.3533594	0.3355583	0.3369791	0.3282845	0.3000389	0.2956137
0.2905056	0.3171186	0.306675	0.3271681	0.3520496	0.3052163	0.3261815
0.3195222	0.3172028	0.2957319	0.3207205	0.3091234	0.3072886	0.3090358
0.296095	0.3327215	0.3178844	0.3464906	0.3195273	0.3627553	0.2947175
0.3743865	0.3555724	0.3792875	0.3795018	0.4019251	0.3360475	0.3143921
0.3755874	0.3128492	0.3425545	0.3774465	0.3385914	0.3114515	0.3515836
0.3717701	0.311412	0.3725062	0.3800129	0.3539356	0.293325	0.3717521
0.3026608	0.2923922	0.3353103	0.307545	0.3070094	0.2545393	0.3714864
0.3338292	0.3823178	0.3760539	0.3524256	0.3466842	0.3030563	0.3439031
0.2275082	0.3343248	0.285508	0.3335469	0.3168259	0.2652869	0.3222641
0.3925318	0.3416085	0.3394937	0.3407329	0.3091297	0.355313	0.3700161
0.3299032	0.3337995	0.3209792	0.3400642	0.34402	0.3352282	0.3535864
0.3501991	0.307662	0.3412571	0.3494626	0.3244185	0.3200161	0.3255209
0.3362111	0.3266504	0.3543184	0.3725973	0.3628344	0.341224	0.2861374
0.3119873	0.3263213	0.3192743	0.3457426	0.357656	0.2496002	0.2966616
0.3555212	0.3182494	0.3362966	0.3005921	0.3469297	0.2897555	0.2990659
0.2716427	0.3579108	0.3153646	0.3305994	0.3303939	0.2972524	0.3478894
0.3365237	0.3355813	0.3277416	0.3409583	0.3304206	0.2762879	0.3083902
0.3624135	0.3395351	0.3403886	0.3302284	0.3240548	0.2882436	0.3459768
0.310958	0.3243662	0.3223296	0.3122184	0.2882887	0.3394287	0.3382914
0.2928702	0.3180874	0.3030511	0.3396159	0.3440375	0.3318638	0.2907645
0.3509758	0.3036636	0.3272234	0.3103437	0.3266298	0.3259057	0.3101839
0.3015127	0.3178951	0.3159254	0.3295581	0.2984897	0.3063898	0.3318851
0.3021309	0.3240953	0.3181058	0.3276813	0.2860917	0.2882661	0.3275019
0.3594583	0.3573395	0.3555479	0.3439594	0.3722651	0.3162085	0.3532677
0.3345844	0.3414459	0.3378027	0.3343493	0.3243905	0.3168108	0.3022258
0.3455425	0.3622677	0.3235834	0.3442972	0.351263	0.3383231	0.3424946
0.3250574	0.3110385	0.3159255	0.3342673	0.326235	0.2852206	0.3445586
0.3254501	0.3322386	0.3223449	0.3318079	0.3253177	0.3100485	0.327147
0.3784673	0.3158069	0.2967019	0.309385	0.3508266	0.3503627	0.3534413
0.280137	0.3604058	0.3360692	0.2561594	0.2932909	0.2735983	0.3130991
0.3302799	0.3498671	0.3308995	0.3424397	0.3247427	0.3343638	0.3242557
0.340935	0.3451963	0.3304878	0.3479855	0.3177406	0.3095204	0.3561343
0.3220606	0.3062956	0.3002633	0.3110928	0.3110085	0.3159415	0.3387023
0.3160245	0.3391931	0.3501279	0.3195745	0.3207087	0.2307322	0.3315809
0.3455596	0.3327621	0.3401022	0.3462635	0.332814	0.3010184	0.3104224
0.2702599	0.2893498	0.3396592	0.2900069	0.3200053	0.2917463	0.3353611
0.3597458	0.3411333	0.3522633	0.3371866	0.3278451	0.3307476	0.328396
0.2880619	0.3060939	0.3472975	0.3489943	0.3330102	0.3443233	0.352284
0.3291238	0.3096373	0.3375984	0.3244801	0.3268786	0.2994456	0.322776
0.3139942	0.325871	0.3085853	0.3604741	0.3452197	0.3010278	0.3201265
0.3441675	0.3426134	0.3444325	0.3033906	0.3059606	0.2894919	0.3309075
0.3661161	0.3167177	0.3141277	0.3165036	0.3010178	0.2627246	0.3250907
0.3421	0.322802	0.3130517	0.3230604	0.3101632	0.3079689	0.3078766
0.3429314	0.3189141	0.3714366	0.3459746	0.3324159	0.2842967	0.3609586
0.3405724	0.3480719	0.3268228	0.3490881	0.3257909	0.3026049	0.3483732
0.3592852	0.3481852	0.3201072	0.3070649	0.3852757	0.3528253	0.3112611
0.3549465	0.3335124	0.3449412	0.3331767	0.2980399	0.2781293	0.3589307
0.372216	0.3577873	0.3333918	0.3123209	0.3364177	0.2588303	0.3319188
0.3176167	0.3427424	0.319625	0.3652442	0.3222286	0.281924	0.3205387
0.3327936	0.3538691	0.3395539	0.3417087	0.335304	0.3042651	0.3248244
0.2771682	0.3421209	0.3346904	0.3380706	0.3202598	0.3304562	0.3527305
0.327552	0.3782204	0.3693177	0.3442037	0.3520993	0.3204828	0.327417
0.3065018	0.3437156	0.3200914	0.3559099	0.28659	0.2801834	0.3189642
0.2975767	0.3017966	0.3290765	0.3568818	0.2979825	0.3032156	0.2971924
0.323624	0.3422206	0.3089426	0.3470403	0.3548578	0.332243	0.3232129
0.3512913	0.3568701	0.3353458	0.3433497	0.3301634	0.2725978	0.3337252
0.2989881	0.3131993	0.3276455	0.3048653	0.333529	0.3063627	0.2981026
0.3533352	0.3772054	0.3392554	0.3013779	0.3338591	0.2723858	0.341366
0.3052509	0.3262589	0.3172307	0.3632088	0.314748	0.3221316	0.3117486
0.3505067	0.3373614	0.3173484	0.3473138	0.3325843	0.2862213	0.3397905
0.3096421	0.3031863	0.3203615	0.3289053	0.3201849	0.2838626	0.3343588
0.3378168	0.3579711	0.3016355	0.2998766	0.3155759	0.2886246	0.3207623
0.3673597	0.3430577	0.3215642	0.3188346	0.3125509	0.3072813	0.3362078
0.2989761	0.3315873	0.3401022	0.3149729	0.3421347	0.3549947	0.3158571
0.3547922	0.3606585	0.3150856	0.3149188	0.3152624	0.2810396	0.3216031
0.3371082	0.3635145	0.3045795	0.3582347	0.3197203	0.3286157	0.3405263
0.2803742	0.3276802	0.3321142	0.3173459	0.3311107	0.3215569	0.3226779
0.3255788	0.3341156	0.3492789	0.3294576	0.3242562	0.3179271	0.3050237
0.2912799	0.3579334	0.3333985	0.308699	0.3269661	0.310749	0.330709
0.3593344	0.3420884	0.3112002	0.3202324	0.308024	0.3300182	0.3221919
0.3489319	0.3393244	0.3408926	0.3588488	0.3685832	0.3232465	0.3477246
0.321902	0.3324397	0.3448869	0.3190212	0.3333331	0.3144288	0.2985922
0.3449848	0.3417676	0.3063085	0.3097005	0.2984605	0.336153	0.3268772
0.2749058	0.3114804	0.3234352	0.3059664	0.29454	0.311536	0.331897
0.2902082	0.3103149	0.3152351	0.326643	0.3068724	0.3111621	0.2959913
0.3019064	0.3111164	0.34682	0.3071524	0.3222128	0.3135271	0.3219018
0.3605048	0.3336949	0.340011	0.3202005	0.3579633	0.2929398	0.339698
0.3300112	0.3154524	0.3269051	0.2941596	0.2822056	0.3113189	0.307558
0.3651608	0.3243368	0.316443	0.3536146	0.3443566	0.3069968	0.3147731
0.3211532	0.3317687	0.339681	0.314872	0.3198267	0.3250987	0.3231516
0.3436472	0.3250928	0.3665995	0.3716002	0.3435593	0.2878664	0.3631944
0.3781504	0.3420966	0.3441499	0.3618008	0.3163313	0.3079441	0.3644607
0.3283188	0.3096901	0.3211141	0.2901532	0.2867083	0.3138663	0.3181532
0.3390331	0.2984649	0.3376975	0.3350627	0.3035184	0.2631731	0.3571498
0.3832343	0.3476642	0.3469737	0.297097	0.3643859	0.2496468	0.3029765
0.3017159	0.324671	0.3427032	0.3154375	0.2969035	0.2663569	0.3149924
0.3318099	0.3612899	0.3046656	0.3538417	0.3271176	0.3422335	0.3159898
0.2764947	0.3206772	0.3186706	0.3245496	0.3125997	0.2853292	0.3213948
0.3662714	0.3455485	0.3389034	0.323527	0.3149756	0.3375696	0.3401999
0.3323076	0.3305771	0.3295348	0.3357359	0.3219266	0.2996419	0.3207356
0.351058	0.3093374	0.3099164	0.352792	0.3021475	0.2859492	0.3187856
0.3887457	0.3701065	0.3613315	0.3413653	0.3201973	0.2904749	0.2956515
0.3207976	0.3400668	0.3538337	0.3275099	0.3119278	0.3430292	0.2928314
0.3320689	0.3622555	0.3232478	0.3296625	0.3152193	0.3022517	0.3126133
0.4412427	0.3454914	0.3652657	0.357534	0.3745624	0.29545	0.3651744
0.3313925	0.3045581	0.3516231	0.3552506	0.3384	0.1900559	0.3394214
0.34065	0.3122734	0.3225859	0.323454	0.31596	0.2892075	0.3008623
0.3540329	0.3518158	0.3355633	0.3308669	0.3300698	0.3159422	0.3382983
0.3587105	0.3354815	0.3294175	0.3511748	0.3297626	0.3292441	0.2899261
0.3299178	0.3464896	0.3250469	0.3194397	0.3286877	0.2972835	0.3168869
0.3726066	0.3499365	0.3432973	0.321341	0.3333078	0.3339221	0.3076496
0.3151362	0.3589712	0.3380899	0.3675004	0.3380402	0.3304112	0.3027326
0.3319746	0.3142152	0.3503069	0.313911	0.3002313	0.2945374	0.3037136
0.3360653	0.3411278	0.3272924	0.3350393	0.3193395	0.2506192	0.3245237
0.2839753	0.3128227	0.3322991	0.3512275	0.3227419	0.2750349	0.344015
0.3304729	0.3419516	0.3648377	0.3457188	0.3481866	0.2795885	0.325747
0.2998296	0.3520643	0.3146348	0.3183388	0.3445231	0.3242938	0.3261223
0.2843389	0.3344877	0.3451344	0.3184503	0.3330323	0.3349412	0.3291473
0.3151237	0.332461	0.3646937	0.3185177	0.2674222	0.3284793	0.340806
0.2763569	0.3161438	0.3440347	0.3193064	0.2878983	0.317274	0.3010707
0.3522188	0.3019823	0.3611391	0.303064	0.3774209	0.3394269	0.3519519
0.3578522	0.2902914	0.2668252	0.3209356	0.3017769	0.3314231	0.3076924
0.3176449	0.3074274	0.3476797	0.3194905	0.3296375	0.3153768	0.3429099
0.3403736	0.3401719	0.3313841	0.3388543	0.3487457	0.2895926	0.3108972
0.3840455	0.3409917	0.3254981	0.3528776	0.3350168	0.3040533	0.3441285
0.3233306	0.3249387	0.3384278	0.3152345	0.3143007	0.3145374	0.3498553
0.3563655	0.3407966	0.3338243	0.3289621	0.3068773	0.3071352	0.3096224
0.3244532	0.3152415	0.3232269	0.3110703	0.3007334	0.2615302	0.3168344
0.3271817	0.3218847	0.3016543	0.3495	0.2960996	0.2845746	0.2988511
0.3409969	0.3198054	0.3549243	0.3254687	0.2883583	0.3052396	0.3153486
0.3182825	0.3598542	0.3677034	0.3511135	0.3405154	0.3259278	0.3380765
0.3312555	0.3503424	0.3193026	0.3488524	0.270511	0.2978688	0.2991243
0.297047	0.295375	0.3392076	0.3631389	0.2739253	0.3355792	0.2870202
0.290921	0.3139158	0.3253842	0.3304942	0.3163165	0.2705382	0.3056753
0.3562442	0.3232396	0.3369142	0.3033711	0.2951313	0.3212238	0.3020465
0.2629481	0.3058979	0.3225731	0.3491759	0.3393888	0.2707404	0.3001401
0.3533336	0.29368	0.3147009	0.3118877	0.3391042	0.3013712	0.3142674
0.3504207	0.3548688	0.3211681	0.2924882	0.318332	0.3014811	0.349956
0.3248741	0.3338997	0.3169903	0.3030126	0.3165524	0.3225435	0.2806265
0.2789055	0.3120644	0.3000784	0.3229301	0.3510279	0.2814483	0.3134039
0.3258591	0.3566374	0.3277358	0.3344612	0.335843	0.2934492	0.3654542
0.2660933	0.3053281	0.2991805	0.3407961	0.338032	0.2816963	0.317736
0.2819823	0.3131892	0.3073903	0.3045655	0.3191844	0.3276075	0.3192717
0.3441215	0.3361494	0.3029954	0.3514546	0.3311141	0.3206464	0.3247938
0.3394771	0.371239	0.3540143	0.3524167	0.3333061	0.3112999	0.3666367
0.3139393	0.3194375	0.2912655	0.3316198	0.2807302	0.2947409	0.3289174
0.4102042	0.3199576	0.3293821	0.2965388	0.330049	0.3149655	0.3390394
0.3623807	0.3544367	0.3290617	0.3573853	0.3210076	0.3444942	0.3293554
0.2807743	0.3406032	0.3346435	0.3217324	0.3251164	0.2424442	0.3345304
0.3684744	0.3141325	0.3512348	0.3265267	0.3317162	0.3170028	0.3606847
0.2733261	0.3315971	0.3490776	0.2920122	0.3419256	0.2890091	0.3186746
0.3142244	0.3267833	0.3167669	0.3144781	0.3152249	0.2743457	0.2888565
0.3293111	0.3176317	0.3350956	0.3480748	0.3394301	0.2861434	0.3052511
0.3055902	0.3363221	0.3376847	0.3160539	0.3343605	0.3226203	0.3307121
0.3006808	0.3516297	0.3196319	0.3139505	0.3222777	0.2911347	0.3396901
0.3374984	0.3290646	0.3265221	0.3083342	0.3485768	0.3189908	0.3125562
0.3476018	0.3434326	0.349804	0.3130114	0.3296646	0.3101587	0.3111659
0.335162	0.3375001	0.3145146	0.3368389	0.3636847	0.340857	0.3081032
0.3626828	0.3634256	0.3393447	0.3368767	0.3257774	0.2699005	0.3152956
0.3137297	0.3067891	0.3266835	0.3258329	0.303005	0.300947	0.3208653
0.3404633	0.3483715	0.3589259	0.301891	0.3173435	0.2748734	0.3271758
0.2932676	0.3181066	0.3225969	0.2997647	0.3319785	0.2103259	0.3249186
0.3261579	0.3508453	0.3435559	0.3407225	0.3020356	0.3260726	0.3512436
0.3518612	0.3407221	0.350815	0.3289975	0.3276713	0.3184678	0.3489754
0.3106763	0.3602091	0.3385648	0.3448722	0.3185874	0.2946142	0.3077868
0.3085904	0.2995382	0.3289307	0.3046774	0.3043463	0.2779077	0.3058865
0.3296141	0.3384099	0.3353139	0.3576163	0.332386	0.3178517	0.3393207
0.3226222	0.2944911	0.3097311	0.3366277	0.3346997	0.2988531	0.3348821
0.3585612	0.3105344	0.340195	0.3605037	0.3081464	0.2958108	0.3181017
0.3386171	0.3584165	0.3084575	0.2892819	0.3047293	0.299452	0.2806051
0.3137038	0.3475795	0.3636526	0.3738423	0.3652172	0.2948289	0.3717259
0.3191636	0.3660864	0.3244429	0.3251935	0.3175785	0.3286897	0.3238049
0.3235713	0.3239296	0.3334552	0.3460554	0.3516834	0.2986631	0.3352512
0.3548268	0.3754251	0.3539967	0.3854003	0.3486361	0.3150928	0.3469506
0.3013547	0.2915787	0.3371872	0.3708419	0.3713689	0.3063784	0.3152453
0.3594657	0.3250576	0.2955161	0.3159335	0.316042	0.2791238	0.2817717
0.3088606	0.3321728	0.3388792	0.3423676	0.3559659	0.3279474	0.3114469
0.3093849	0.3341718	0.3203847	0.2866604	0.2929521	0.2959115	0.3166166
0.3322992	0.3551826	0.3376614	0.3071127	0.3272723	0.2702308	0.312891
0.3333381	0.3233681	0.3686653	0.2992417	0.2942688	0.2619883	0.2893242
0.3703742	0.3485585	0.3433296	0.3400814	0.3525052	0.3336501	0.3226543
0.3206163	0.3099023	0.3349951	0.3312346	0.3269963	0.3224638	0.296963
0.3223176	0.3613436	0.3726794	0.3443982	0.3636995	0.3341262	0.3369196
0.3290539	0.3466361	0.3272749	0.3188952	0.324701	0.2656543	0.3396316
0.3436003	0.3234452	0.3122542	0.3180363	0.3491703	0.3210163	0.3053439
0.2940648	0.3412233	0.3176525	0.3275357	0.3285591	0.3065685	0.3380859
0.3418056	0.3658047	0.3532725	0.3452848	0.3681599	0.3552779	0.3220085
0.3578673	0.3382225	0.3443514	0.3361784	0.3191833	0.3241729	0.3578935
